Det0.000000,Det0.000000,Det0.000000,Det0.000000,Det0.000000,Det0.000000,Det0.000000,Det0.000000,Det0.000000
3.20300,3.42000,0.995917,0.998638,0.999035,0.999629,0.994586,0.994481,0.996093
3.20100,9.04900,0.995969,0.999319,0.998276,0.997258,0.994510,0.995036,0.994850
3.20100,11.2360,0.996020,0.999686,0.998207,0.999111,0.994434,0.993752,0.996626
3.20100,13.2540,0.995038,0.998428,0.997448,0.997703,0.994281,0.995279,0.994317
3.20100,15.0580,0.995297,0.999266,0.997586,0.998962,0.998780,0.995001,0.993429
3.20100,1.35300,0.998760,0.999214,0.998759,1.00052,0.998932,0.997015,0.997869
3.20200,0.733000,1.00031,1.00115,1.00097,1.00074,0.999619,0.999896,1.00036
3.20300,0.684000,1.00238,1.00231,1.00290,1.00208,1.00259,1.00250,1.00178
3.20300,0.672000,1.00181,1.00320,1.00262,1.00222,1.00320,1.00396,1.00568
3.20200,0.672000,1.00134,0.999528,1.00193,1.00111,1.00236,1.00236,1.00178
3.20400,0.674000,1.00222,0.999371,0.997448,0.999111,1.00076,1.00073,0.998757
3.20400,0.675000,0.999897,0.997537,0.998965,0.997999,0.998780,0.998959,0.997514
3.20400,0.675000,0.998346,0.997590,0.997586,0.998147,0.995349,0.996702,0.994140
3.20300,0.674000,0.997312,0.997642,0.996966,0.997999,0.996569,0.994238,0.992541
3.20400,0.676000,0.996796,0.997013,0.997173,0.997703,0.995883,0.992849,0.992364
3.20400,0.673000,0.995503,0.995022,0.995655,0.998518,0.995883,0.993752,0.993962
3.20400,0.674000,0.994987,0.994708,0.994000,0.996517,0.993595,0.993752,0.994495
3.20400,0.676000,0.994108,0.994865,0.995173,0.996813,0.992528,0.993405,0.991476
3.20400,0.675000,0.992557,0.994289,0.995104,0.995034,0.993900,0.991738,0.993607
3.20500,0.673000,0.992247,0.994027,0.993725,0.995553,0.992223,0.992433,0.990765
3.20400,0.672000,0.992196,0.995075,0.993173,0.994219,0.992146,0.991634,0.992364
3.20500,0.673000,0.992712,0.992508,0.993173,0.994442,0.991918,0.991426,0.992009
3.20400,0.675000,0.990800,0.994656,0.992345,0.992959,0.989173,0.991252,0.993962
3.20400,0.678000,0.990438,0.992979,0.992621,0.994145,0.990164,0.991183,0.992009
3.20400,0.676000,0.989715,0.993975,0.990207,0.993256,0.991003,0.989656,0.990588
3.20300,3.32400,0.990335,0.994027,0.991863,0.992959,0.989325,0.990142,0.988812
3.20100,7.31700,0.988888,0.992350,0.993655,0.992663,0.989096,0.989690,0.989877
3.20200,10.0570,0.989766,0.991407,0.991587,0.993108,0.987495,0.989656,0.991476
3.20200,12.3080,0.990800,0.991460,0.992345,0.991551,0.988715,0.990281,0.988989
3.20300,14.2040,0.993023,0.991669,0.991587,0.992589,0.991994,0.991114,0.988989
3.20300,1.31300,0.993126,0.990726,0.991725,0.991996,0.992070,0.990419,0.993252
3.20400,0.725000,0.994211,0.990359,0.994759,0.992515,0.992375,0.994411,0.994672
3.20400,0.681000,0.995503,0.994341,0.995380,0.996739,0.995044,0.998056,1.00089
3.20600,0.676000,0.996537,0.995546,0.994621,0.997258,0.996569,0.998473,1.00426
3.20400,0.676000,0.996382,0.993608,0.996483,0.995479,0.995196,0.996008,0.998934
3.20500,0.674000,0.994160,0.993660,0.992207,0.991848,0.991994,0.993613,0.996093
3.20400,0.673000,0.991472,0.991407,0.991173,0.992737,0.990011,0.991738,0.993252
3.20600,0.674000,0.991214,0.990988,0.990276,0.991329,0.988563,0.991044,0.989345
3.20500,0.674000,0.988474,0.989207,0.989242,0.990588,0.987648,0.989274,0.988812
3.20500,0.674000,0.987389,0.989154,0.987242,0.989921,0.987876,0.987989,0.988279
3.20400,0.674000,0.987131,0.988002,0.987656,0.989995,0.986351,0.986948,0.987569
3.20600,0.672000,0.988061,0.987949,0.987794,0.988957,0.986351,0.985976,0.987569
3.20500,0.672000,0.986407,0.987478,0.986553,0.988142,0.986046,0.985872,0.988457
3.20400,0.668000,0.986820,0.987216,0.986622,0.988661,0.986428,0.985004,0.986503
3.20600,0.668000,0.986407,0.986273,0.986690,0.987104,0.985894,0.984726,0.985615
3.20500,0.668000,0.984856,0.986063,0.986897,0.988587,0.985284,0.985212,0.984195
3.20500,0.671000,0.986200,0.986482,0.987794,0.987030,0.984979,0.983720,0.987924
3.20600,0.670000,0.984960,0.986849,0.986622,0.985400,0.983149,0.983928,0.985793
3.20600,0.669000,0.986200,0.985801,0.985311,0.986512,0.984369,0.984588,0.986326
3.20600,0.667000,0.983926,0.985644,0.986070,0.986734,0.983530,0.983789,0.985260
3.20500,3.52900,0.982531,0.985068,0.985104,0.986215,0.984598,0.983026,0.984017
3.20400,7.34000,0.982841,0.985277,0.984691,0.985029,0.983912,0.982297,0.983307
3.20400,10.0190,0.984908,0.983915,0.984415,0.984510,0.985665,0.982783,0.984727
3.20400,12.3100,0.985477,0.983915,0.984346,0.984066,0.983530,0.982713,0.982064
3.20400,14.2290,0.987027,0.984806,0.984139,0.986437,0.985741,0.983234,0.985793
3.20400,1.28100,0.985580,0.985591,0.985104,0.984436,0.986504,0.983893,0.985793
3.20500,0.727000,0.987492,0.985434,0.985173,0.986215,0.985970,0.985629,0.990943
3.20600,0.683000,0.987131,0.986692,0.986897,0.986289,0.986351,0.987920,0.991121
3.20500,0.675000,0.989508,0.988526,0.988897,0.988735,0.988029,0.990211,0.996981
3.20600,0.673000,0.988164,0.985853,0.987656,0.986289,0.986123,0.986879,0.993607
3.20600,0.672000,0.986562,0.985068,0.985311,0.985177,0.984827,0.983998,0.991121
3.20600,0.672000,0.984753,0.982972,0.985035,0.983918,0.982997,0.984379,0.988457
3.20500,0.673000,0.983099,0.983862,0.982760,0.982658,0.980328,0.982921,0.987036
3.20600,0.671000,0.981549,0.983077,0.982139,0.984140,0.981090,0.980978,0.984017
3.20500,0.673000,0.980411,0.981819,0.979725,0.981842,0.980480,0.980700,0.982419
3.20500,0.669000,0.981135,0.981714,0.980898,0.981694,0.980175,0.981082,0.984195
3.20500,0.671000,0.979223,0.981505,0.980415,0.981398,0.980328,0.979797,0.980110
3.20500,0.671000,0.977931,0.980457,0.979243,0.981472,0.978574,0.979381,0.983484
3.20600,0.671000,0.978861,0.981714,0.982001,0.981694,0.979413,0.979346,0.983307
3.20600,0.672000,0.978654,0.980509,0.980346,0.980805,0.978955,0.978895,0.982951
3.20600,0.672000,0.977620,0.979304,0.979588,0.979397,0.978955,0.979172,0.980998
3.20700,0.673000,0.978964,0.979252,0.979312,0.980508,0.978117,0.978895,0.982951
3.20700,0.673000,0.978706,0.979671,0.979243,0.980731,0.980252,0.980179,0.982774
3.20700,0.672000,0.978447,0.979985,0.979450,0.981768,0.978574,0.979068,0.981176
3.20600,0.671000,0.976587,0.979147,0.978277,0.980805,0.978727,0.978929,0.982064
3.20600,3.62300,0.976845,0.978623,0.978001,0.979026,0.978345,0.978929,0.978867
3.20300,7.28000,0.976018,0.978151,0.978070,0.980064,0.979489,0.978617,0.979222
3.20300,10.0230,0.976897,0.979095,0.977519,0.979397,0.978422,0.978478,0.978689
3.20300,12.2560,0.977310,0.977104,0.978829,0.979397,0.978498,0.978513,0.978867
3.20400,14.2120,0.978499,0.978204,0.978208,0.980583,0.977735,0.979242,0.979045
3.20400,1.27800,0.979429,0.978151,0.978208,0.979915,0.979108,0.979797,0.978334
3.20600,0.726000,0.980256,0.978571,0.980001,0.980360,0.979794,0.982574,0.982774
3.20500,0.685000,0.982220,0.978728,0.980760,0.982065,0.980785,0.984796,0.989167
3.20600,0.678000,0.981704,0.980352,0.982001,0.984807,0.983607,0.986184,0.990943
3.20600,0.677000,0.980877,0.980143,0.979519,0.983769,0.980404,0.983650,0.987746
3.20700,0.677000,0.977879,0.980404,0.979932,0.980360,0.980480,0.980873,0.985438
3.20600,0.677000,0.976638,0.978571,0.978070,0.980583,0.977812,0.978721,0.981531
3.20700,0.675000,0.975295,0.978518,0.976760,0.977989,0.974914,0.978096,0.977979
3.20700,0.675000,0.974829,0.977261,0.976002,0.977247,0.975982,0.976534,0.975315
3.20700,0.675000,0.974519,0.975846,0.975174,0.978433,0.974838,0.975424,0.975138
3.20600,0.677000,0.974364,0.975584,0.975864,0.975617,0.976363,0.975528,0.978867
3.20600,0.680000,0.972865,0.976318,0.975795,0.976877,0.975753,0.974417,0.977269
3.20700,0.678000,0.974002,0.975113,0.976209,0.976877,0.975524,0.973480,0.978334
3.20700,0.679000,0.972814,0.974589,0.975450,0.976284,0.975295,0.973688,0.975138
3.20600,0.676000,0.972659,0.974903,0.975036,0.977173,0.973770,0.972612,0.976736
3.20600,0.675000,0.973434,0.974012,0.974691,0.975617,0.974304,0.972577,0.976026
3.20600,0.675000,0.973951,0.974117,0.973036,0.976951,0.975295,0.973653,0.974782
3.20700,0.677000,0.972762,0.974170,0.974760,0.976506,0.974304,0.972612,0.976203
3.20800,0.678000,0.972762,0.974170,0.976139,0.976655,0.974685,0.972230,0.976203
3.20700,0.676000,0.972917,0.974327,0.975726,0.976951,0.976592,0.971536,0.976203
12.8260,3.54100,0.971832,0.973122,0.973105,0.976877,0.973237,0.972646,0.974072
12.8200,7.23600,0.970126,0.973331,0.974278,0.976506,0.973618,0.971640,0.973717
12.8200,10.0080,0.971935,0.973069,0.973243,0.975172,0.975677,0.972299,0.972651
12.8170,12.2510,0.973692,0.971235,0.972898,0.975321,0.974990,0.972334,0.974427
12.8180,8.94100,0.973537,0.971812,0.973657,0.974802,0.975295,0.972716,0.973362
12.8190,1.11300,0.975346,0.972336,0.973588,0.976210,0.976973,0.974313,0.974250
12.8180,0.729000,0.977776,0.974589,0.977243,0.985400,0.983683,0.992398,0.984195
12.8180,0.699000,0.986148,0.987425,0.986346,1.03261,1.03546,1.10612,1.03126
12.8170,0.692000,1.00388,1.01907,1.00297,1.10405,1.10858,1.19734,1.10282
12.8180,0.688000,1.02031,1.05638,1.01448,1.14763,1.14884,1.22591,1.15592
12.8150,0.688000,1.03204,1.07749,1.02090,1.16208,1.16195,1.20543,1.17155
12.8160,0.689000,1.03179,1.07665,1.02207,1.15653,1.15242,1.16686,1.15894
12.8160,0.689000,1.02770,1.06848,1.02172,1.14022,1.13321,1.14725,1.13834
12.8150,0.691000,1.02393,1.05648,1.01841,1.11532,1.10972,1.12604,1.11099
12.8150,0.691000,1.01437,1.03809,1.01352,1.08805,1.08593,1.09116,1.07938
12.8150,0.689000,1.00315,1.02038,1.00938,1.06552,1.06695,1.06266,1.05115
12.8150,0.690000,0.996589,1.00802,1.00448,1.04580,1.05086,1.04311,1.03374
12.8140,0.688000,0.992351,1.00225,1.00248,1.03365,1.03957,1.02964,1.02309
12.8130,0.689000,0.988629,0.995966,0.997862,1.02386,1.02897,1.01989,1.01101
12.8140,0.687000,0.987492,0.995075,0.997862,1.01668,1.02249,1.01257,1.00568
12.8130,0.689000,0.985890,0.991512,0.996759,1.01208,1.01616,1.00670,1.00231
12.8140,0.690000,0.984443,0.989835,0.994000,1.00497,1.01022,1.00250,0.997159
12.8140,0.690000,0.982996,0.987949,0.994759,1.00400,1.00610,1.00052,0.999645
12.8120,0.691000,0.982324,0.985906,0.993449,0.999036,1.00320,0.996112,0.994495
12.8120,0.689000,0.979895,0.985487,0.992828,0.995998,1.00107,0.994238,0.992009
12.8110,3.38300,0.979946,0.984124,0.991656,0.994812,0.997789,0.992572,0.992009
12.8100,7.26500,0.978396,0.984229,0.991173,0.992663,0.995806,0.991530,0.990943
12.8090,9.95000,0.978706,0.982553,0.988552,0.989624,0.993061,0.989378,0.990055
12.8090,12.2160,0.978551,0.980404,0.987794,0.989031,0.993366,0.988198,0.988457
12.8100,7.97600,0.979843,0.982081,0.987794,0.993033,0.997179,0.991495,0.988812
12.8110,1.08500,0.984805,0.992350,0.994621,1.02646,1.03050,1.05137,1.01616
12.8110,0.713000,1.00357,1.03301,1.00910,1.10198,1.10774,1.16568,1.10567
12.8110,0.679000,1.03308,1.09457,1.02607,1.16031,1.16805,1.20293,1.17617
12.8090,0.672000,1.06094,1.13670,1.03869,1.19010,1.19428,1.17922,1.20316
12.8100,0.673000,1.07350,1.15587,1.04248,1.19240,1.18971,1.15072,1.20032
12.8100,0.671000,1.07872,1.16137,1.04303,1.18002,1.17568,1.14600,1.18700
12.8100,0.672000,1.07153,1.14754,1.03931,1.15682,1.15524,1.14392,1.16516
12.8100,0.671000,1.05246,1.11925,1.02993,1.12295,1.12276,1.12326,1.13674
12.8090,0.673000,1.03339,1.08446,1.02193,1.09064,1.09249,1.08394,1.10140
12.8100,0.667000,1.01809,1.05459,1.01124,1.06574,1.06923,1.05356,1.07157
12.8090,0.669000,1.00656,1.03432,1.00379,1.04506,1.04994,1.03485,1.04884
12.8100,0.668000,0.999897,1.02195,0.999931,1.03365,1.03690,1.02284,1.03765
12.8090,0.667000,0.995762,1.01436,0.996276,1.02542,1.02768,1.01552,1.02468
12.8090,0.669000,0.992919,1.00739,0.994138,1.01808,1.01784,1.00986,1.01776
12.8080,0.671000,0.989508,1.00435,0.991587,1.01075,1.01365,1.00437,1.01208
12.8080,0.669000,0.986872,0.999790,0.991863,1.00645,1.00587,1.00156,1.00639
12.8080,0.668000,0.985528,0.996594,0.989656,1.00326,1.00404,0.999410,1.00551
12.8080,0.670000,0.985838,0.994918,0.989380,0.999926,1.00152,0.996459,1.00000
12.8090,0.670000,0.983306,0.993032,0.987587,0.997036,0.998322,0.994897,0.994850
12.8090,0.671000,0.983047,0.990202,0.987449,0.994960,0.994281,0.991565,0.993429
12.8070,3.43100,0.981600,0.988892,0.984829,0.992218,0.992070,0.990940,0.993784
12.8070,7.29500,0.981910,0.987006,0.985104,0.987771,0.992756,0.989482,0.991121
12.8050,9.97700,0.979998,0.985749,0.985449,0.987771,0.991460,0.989135,0.990233
12.8050,12.2820,0.981187,0.985591,0.983105,0.987549,0.988563,0.988267,0.989167
12.8060,7.49900,0.981910,0.985749,0.982760,0.987697,0.990545,0.988371,0.986681
12.8070,1.08200,0.986097,0.988368,0.985518,1.00482,1.00801,1.00118,0.995205
12.8070,0.720000,0.999225,1.01671,0.998069,1.06285,1.07167,1.08831,1.04830
12.8070,0.692000,1.02088,1.07089,1.01310,1.12132,1.12840,1.16197,1.12893
12.8070,0.683000,1.04393,1.11170,1.02427,1.15460,1.15966,1.17794,1.16906
12.8050,0.679000,1.05613,1.12863,1.02738,1.16438,1.16561,1.16058,1.17368
12.8070,0.679000,1.05530,1.12774,1.02558,1.15571,1.15112,1.13892,1.16107
12.8070,0.681000,1.04714,1.11532,1.02000,1.13103,1.12955,1.12812,1.14154
12.8060,0.681000,1.03427,1.09164,1.01407,1.09953,1.10027,1.11268,1.11845
12.8010,0.679000,1.02021,1.06172,1.00517,1.07085,1.07244,1.07647,1.08134
12.8010,0.680000,1.00636,1.03689,0.998000,1.04854,1.05063,1.04478,1.05292
12.8020,0.679000,0.996847,1.01870,0.990207,1.02727,1.03042,1.02524,1.03481
12.8010,0.680000,0.989611,1.00744,0.986001,1.01571,1.01777,1.01451,1.02255
12.8020,0.680000,0.985477,1.00094,0.983587,1.00800,1.00999,1.00656,1.01438
12.8010,0.680000,0.982582,0.997013,0.982070,1.00252,1.00442,1.00115,1.00799
12.8010,0.680000,0.982686,0.991879,0.981312,0.998221,0.998856,0.997362,1.00142
12.8000,0.683000,0.980050,0.990517,0.981794,0.995627,0.993671,0.993752,0.997336
12.8010,0.681000,0.977827,0.988526,0.980139,0.990884,0.991155,0.991218,0.994317
12.8010,0.683000,0.977465,0.985434,0.977933,0.988142,0.987495,0.988198,0.993784
12.8010,0.680000,0.976690,0.983862,0.976691,0.987994,0.987266,0.987469,0.989167
12.8010,0.683000,0.975450,0.982867,0.976415,0.983992,0.982387,0.985282,0.987924
12.8010,3.55900,0.974778,0.981400,0.975105,0.982435,0.981853,0.983407,0.987391
12.7990,7.33100,0.974519,0.980404,0.973864,0.982139,0.979642,0.983060,0.984550
12.7980,10.0390,0.975501,0.978885,0.973174,0.980360,0.979184,0.981880,0.983839
12.7980,12.3120,0.974829,0.976318,0.972829,0.978211,0.977659,0.981533,0.980998
12.7990,8.46400,0.975295,0.977418,0.974347,0.978211,0.980175,0.982401,0.981708
12.7990,1.07400,0.978086,0.982553,0.976277,0.992070,0.993976,0.989517,0.986858
12.8000,0.711000,0.989043,1.00168,0.984691,1.03802,1.04438,1.06151,1.02291
12.8000,0.677000,1.00760,1.04705,1.00028,1.09435,1.10187,1.13555,1.09643
12.7990,0.670000,1.03106,1.09017,1.01110,1.12933,1.13595,1.16037,1.14029
12.7980,0.670000,1.04336,1.11076,1.01572,1.14571,1.14403,1.14916,1.14971
12.8000,0.670000,1.04316,1.11040,1.01359,1.13585,1.13351,1.12705,1.14314
12.8000,0.670000,1.03504,1.09981,1.00862,1.11273,1.11026,1.11604,1.12591
12.7980,0.672000,1.02212,1.07843,1.00365,1.08456,1.08418,1.09834,1.09998
12.8050,0.671000,1.00951,1.05067,0.996345,1.05759,1.06024,1.06450,1.06837
12.8040,0.672000,0.997054,1.02625,0.989449,1.03617,1.03622,1.03405,1.04138
12.8050,0.670000,0.988216,1.00943,0.982967,1.01801,1.02005,1.01673,1.02024
12.8040,0.672000,0.982376,0.999266,0.978898,1.00741,1.00709,1.00562,1.00888
12.8060,0.671000,0.978706,0.991250,0.976829,1.00082,1.00069,0.998577,0.999822
12.8040,0.672000,0.977310,0.989731,0.976209,0.994738,0.993595,0.995557,0.995383
12.8050,0.671000,0.976277,0.985591,0.974622,0.991403,0.990393,0.990107,0.993784
12.8040,0.670000,0.974468,0.982815,0.973933,0.987179,0.986580,0.986844,0.985438
12.8040,0.671000,0.973331,0.980457,0.972554,0.983325,0.983454,0.985351,0.980110
12.8040,0.674000,0.971728,0.978204,0.970278,0.981991,0.981853,0.983130,0.980288
12.8050,0.673000,0.971935,0.974641,0.969657,0.979545,0.979794,0.980492,0.979932
12.8050,0.672000,0.969403,0.975741,0.970830,0.977840,0.977888,0.977576,0.978867
3.20900,3.69800,0.971728,0.975113,0.970761,0.975988,0.977049,0.979242,0.978512
3.21100,7.37600,0.970281,0.973384,0.968140,0.975691,0.974685,0.977124,0.975315
3.20800,10.0890,0.969713,0.973122,0.968416,0.973987,0.973160,0.975597,0.971586
3.20800,12.3280,0.969196,0.971445,0.967726,0.973912,0.974609,0.975597,0.974427
3.20900,12.5320,0.968524,0.972179,0.968209,0.972949,0.973999,0.975076,0.972829
3.21000,1.19000,0.969196,0.970712,0.966623,0.979174,0.978498,0.976534,0.974427
3.21100,0.756000,0.972659,0.975951,0.970899,0.991181,0.991384,0.986705,0.979045
3.21000,0.724000,0.978447,0.979461,0.974829,0.997999,1.00084,0.995001,0.987569
3.21100,0.719000,0.976638,0.980562,0.974760,0.996294,1.00152,0.994585,0.991476
3.21200,0.715000,0.973176,0.975899,0.971105,0.989921,0.992604,0.987746,0.985970
3.21200,0.713000,0.970953,0.974851,0.971243,0.984807,0.984903,0.981394,0.980820
3.21200,0.711000,0.968265,0.972021,0.967519,0.980286,0.981472,0.977263,0.976914
3.21100,0.712000,0.965733,0.968459,0.966554,0.975321,0.976058,0.974035,0.974782
3.21100,0.713000,0.964389,0.967830,0.965382,0.972875,0.975295,0.972473,0.972829
3.21100,0.712000,0.963304,0.967306,0.964140,0.972134,0.972169,0.971675,0.972296
3.21200,0.714000,0.962270,0.967673,0.965589,0.971541,0.970568,0.969522,0.970520
3.21100,0.712000,0.961081,0.965472,0.963658,0.971689,0.969653,0.970460,0.969988
3.21100,0.705000,0.960926,0.965944,0.962968,0.969169,0.968967,0.969106,0.972119
3.21100,0.706000,0.961598,0.964791,0.962899,0.967761,0.968128,0.968724,0.970343
3.21100,0.708000,0.960409,0.965001,0.961796,0.967909,0.968662,0.968932,0.969100
3.21200,0.708000,0.961650,0.964162,0.961865,0.967020,0.966298,0.967960,0.970343
3.21100,0.708000,0.960616,0.963795,0.960141,0.966427,0.966603,0.967023,0.968922
3.21200,0.706000,0.960461,0.963533,0.961934,0.964797,0.964849,0.965773,0.967146
3.21100,0.706000,0.959376,0.962590,0.960347,0.964426,0.966374,0.967266,0.966791
3.21200,0.704000,0.960254,0.962119,0.960554,0.964945,0.962638,0.966468,0.968034
3.21000,3.64000,0.960254,0.960599,0.961037,0.963759,0.963629,0.966850,0.968922
3.21000,7.38600,0.958032,0.959866,0.960347,0.964278,0.963706,0.966572,0.968034
3.21000,10.1190,0.959169,0.961123,0.958899,0.963462,0.962638,0.965878,0.965548
3.21000,12.3430,0.959272,0.960495,0.959313,0.963092,0.961342,0.965878,0.963417
3.21000,11.2550,0.958962,0.960023,0.958899,0.961832,0.962104,0.964558,0.963239
3.21000,1.18100,0.958962,0.960233,0.958279,0.960053,0.963477,0.965635,0.965725
3.21200,0.722000,0.959634,0.961019,0.959727,0.961239,0.965154,0.967613,0.969100
3.21200,0.682000,0.960926,0.961804,0.960761,0.962647,0.964621,0.968203,0.969100
3.21200,0.679000,0.961236,0.962800,0.961175,0.963537,0.968281,0.971015,0.974782
3.21200,0.676000,0.959841,0.961962,0.961451,0.962351,0.966451,0.968828,0.970343
3.21200,0.677000,0.959634,0.960704,0.960347,0.961461,0.965459,0.967058,0.968922
3.21100,0.676000,0.957722,0.959342,0.958210,0.961684,0.962409,0.964454,0.966436
3.21200,0.675000,0.955913,0.958661,0.956899,0.959979,0.960427,0.963482,0.964838
3.21200,0.676000,0.954724,0.958556,0.955451,0.957978,0.957835,0.961747,0.961996
3.21200,0.676000,0.955138,0.957508,0.955313,0.956348,0.956996,0.960671,0.962174
3.21200,0.675000,0.954207,0.957037,0.954900,0.955236,0.957072,0.961087,0.963417
3.21300,0.675000,0.955758,0.956565,0.954900,0.956200,0.957911,0.959595,0.960931
3.21100,0.675000,0.954207,0.956303,0.954141,0.956644,0.959283,0.959352,0.960220
3.21200,0.676000,0.954569,0.954941,0.954486,0.955458,0.956996,0.959317,0.959155
3.21300,0.676000,0.953845,0.956303,0.954279,0.955014,0.956081,0.959907,0.960753
3.21200,0.678000,0.954156,0.956355,0.953796,0.956792,0.956843,0.959560,0.958799
3.21300,0.673000,0.953794,0.954364,0.952624,0.955755,0.956462,0.958900,0.961286
3.21400,0.674000,0.954672,0.955098,0.952417,0.956125,0.955318,0.959803,0.962351
3.21200,0.674000,0.953535,0.954260,0.953934,0.954791,0.954785,0.959837,0.958444
3.21200,0.675000,0.953949,0.954784,0.952693,0.955014,0.954098,0.958657,0.957911
