Det0.000000,Det0.000000,Det0.000000,Det0.000000,Det0.000000,Det0.000000,Det0.000000,Det0.000000,Det0.000000
3.20400,4.14400,0.994944,0.997821,0.997188,0.999805,0.998359,0.996942,0.994287
3.20100,10.0150,0.993823,0.996368,0.997798,0.999249,0.997508,0.996630,0.993703
3.20100,12.6250,0.993272,0.996832,0.995728,0.998692,0.996248,0.995615,0.994352
3.19900,14.7550,0.993981,0.995420,0.995569,0.998052,0.996922,0.995198,0.993443
3.20100,16.7370,0.996459,0.998366,0.998302,1.00022,0.998564,0.998178,0.996235
3.20100,1.71700,1.00264,1.00206,1.00029,1.00164,1.00141,1.00120,1.00013
3.20200,0.777000,1.00161,1.00192,1.00143,1.00184,1.00220,1.00260,1.00208
3.20300,0.706000,1.00214,1.00252,1.00281,1.00139,1.00220,1.00224,1.00162
3.20300,0.692000,1.00189,1.00004,1.00119,1.00072,1.00062,1.00043,1.00208
3.20300,0.692000,0.997462,0.997074,0.997798,0.998748,0.998505,0.998399,0.998182
3.20300,0.695000,0.996754,0.997982,0.998382,0.998136,0.997919,0.997606,0.998572
3.20200,0.692000,0.996046,0.997337,0.997347,0.998525,0.995984,0.997124,0.999221
3.20400,0.694000,0.994374,0.996953,0.995834,0.997830,0.996102,0.996291,0.997663
3.20300,0.693000,0.993508,0.996630,0.997161,0.998275,0.997567,0.995224,0.997403
3.20300,0.695000,0.991895,0.996247,0.997161,0.997635,0.995310,0.994704,0.998507
3.20300,0.695000,0.990853,0.994693,0.994455,0.995075,0.994050,0.992674,0.995650
3.20300,0.694000,0.989928,0.993462,0.994694,0.996439,0.994314,0.992388,0.997014
3.20400,0.695000,0.989318,0.994875,0.994561,0.995715,0.994138,0.992687,0.994676
3.20300,0.696000,0.986761,0.993059,0.992518,0.994380,0.992614,0.990800,0.993118
3.20300,0.697000,0.986092,0.991505,0.990740,0.993044,0.990884,0.989225,0.990781
3.20300,0.696000,0.986191,0.991424,0.990873,0.992154,0.991353,0.989212,0.991820
3.20300,0.702000,0.985581,0.990355,0.989626,0.992015,0.990884,0.989486,0.989742
3.20300,0.701000,0.984656,0.988983,0.987663,0.990373,0.989917,0.987911,0.989288
3.20300,0.693000,0.985345,0.989265,0.989706,0.989622,0.990738,0.988835,0.988054
3.20300,0.694000,0.984833,0.989265,0.990263,0.989705,0.990386,0.988236,0.990716
3.20400,4.01200,0.985502,0.989184,0.989467,0.989538,0.989770,0.988041,0.990002
3.20200,8.26800,0.984558,0.987308,0.989334,0.989455,0.990738,0.987729,0.987989
3.20200,11.3210,0.984440,0.986783,0.987159,0.987869,0.988862,0.986805,0.986496
3.20200,13.7910,0.985345,0.987469,0.988220,0.988008,0.988334,0.987365,0.984029
3.20200,15.8740,0.987823,0.988377,0.988353,0.989650,0.989946,0.989212,0.986886
3.20300,1.62400,0.987017,0.988518,0.990634,0.989789,0.991089,0.988809,0.988184
3.20300,0.861000,0.985601,0.986319,0.986893,0.988481,0.989331,0.987351,0.987730
3.20400,0.798000,0.984066,0.985088,0.986363,0.986923,0.986839,0.986089,0.987535
3.20400,0.788000,0.983928,0.986279,0.987079,0.987813,0.986810,0.985191,0.986431
3.20400,0.783000,0.982197,0.985229,0.984293,0.986450,0.985726,0.985347,0.986561
3.20500,0.785000,0.981922,0.985007,0.983046,0.986088,0.985696,0.984320,0.986951
3.20400,0.788000,0.982158,0.985653,0.984585,0.986422,0.986458,0.984944,0.987275
3.20500,0.782000,0.982296,0.984402,0.983869,0.986422,0.986488,0.985165,0.985263
3.20400,0.778000,0.979109,0.983272,0.982118,0.985532,0.984524,0.982381,0.984159
3.20500,0.777000,0.977653,0.982566,0.982542,0.985281,0.983938,0.981821,0.985522
3.20600,0.780000,0.976827,0.982324,0.982914,0.984363,0.984289,0.982420,0.983315
3.20300,0.779000,0.975745,0.980770,0.981295,0.983445,0.981065,0.979934,0.983055
3.20500,0.779000,0.975548,0.979398,0.980022,0.982889,0.981153,0.979622,0.981627
3.20300,0.776000,0.976217,0.980871,0.981375,0.983389,0.981505,0.980455,0.981887
3.20400,0.776000,0.975194,0.980689,0.980473,0.982193,0.981417,0.979310,0.982146
3.20400,0.776000,0.973640,0.979842,0.978642,0.981497,0.980098,0.978867,0.980393
3.20400,0.777000,0.974781,0.979862,0.979385,0.982443,0.980948,0.979179,0.981173
3.20400,0.779000,0.973955,0.979136,0.978430,0.980941,0.979922,0.977462,0.982146
3.20400,0.780000,0.972283,0.978248,0.976626,0.980162,0.978984,0.977306,0.981822
3.20500,0.777000,0.972460,0.978571,0.977262,0.979828,0.980039,0.977605,0.978446
3.20400,3.88100,0.973365,0.977380,0.977262,0.979244,0.979688,0.977514,0.979550
3.20300,8.17300,0.972716,0.976290,0.976599,0.978520,0.978456,0.977188,0.976693
3.20100,11.2470,0.972873,0.975887,0.976997,0.979244,0.979512,0.977045,0.978381
3.20100,13.7510,0.974604,0.975988,0.977289,0.978381,0.979805,0.977657,0.978641
3.20300,15.8560,0.975371,0.975524,0.976679,0.978910,0.979981,0.977878,0.979355
3.20400,1.59400,0.974742,0.976129,0.978244,0.977797,0.979688,0.977475,0.978641
3.20400,0.750000,0.973975,0.974111,0.978191,0.978632,0.979482,0.977123,0.977602
3.20400,0.689000,0.971437,0.974838,0.975564,0.977491,0.978310,0.976382,0.978121
3.20500,0.676000,0.971122,0.974232,0.975511,0.976155,0.977548,0.975536,0.978576
3.20500,0.673000,0.971417,0.974293,0.975432,0.976489,0.976962,0.973974,0.980004
3.20400,0.673000,0.970709,0.973849,0.974025,0.976823,0.976229,0.974235,0.977212
3.20500,0.676000,0.968919,0.973425,0.972646,0.975988,0.975936,0.973857,0.977472
3.20400,0.677000,0.969175,0.973990,0.972779,0.975515,0.975701,0.972998,0.975914
3.20400,0.675000,0.967936,0.972860,0.973468,0.975404,0.974851,0.972439,0.976888
3.20600,0.673000,0.967267,0.972235,0.972354,0.974458,0.974646,0.971242,0.975265
3.20500,0.674000,0.968211,0.972093,0.972672,0.975265,0.974236,0.971918,0.974745
3.20500,0.673000,0.967936,0.971992,0.973336,0.974375,0.974529,0.971151,0.973382
3.20500,0.674000,0.966421,0.970318,0.970736,0.973596,0.973239,0.969810,0.974356
3.20400,0.674000,0.966696,0.970762,0.971797,0.973262,0.973503,0.970201,0.974421
3.20600,0.675000,0.965358,0.969369,0.971081,0.973234,0.972565,0.969146,0.972343
3.20400,0.677000,0.964119,0.968623,0.968295,0.972566,0.971099,0.968730,0.974096
3.20600,0.676000,0.963254,0.968441,0.968666,0.972121,0.970572,0.968405,0.972018
3.20500,0.675000,0.963450,0.969228,0.968640,0.972316,0.971158,0.968951,0.970330
3.20600,0.674000,0.962742,0.967392,0.967180,0.970591,0.970191,0.967507,0.969811
3.20500,0.675000,0.963804,0.968280,0.968082,0.971314,0.971070,0.968327,0.969486
3.20500,3.82100,0.964749,0.968138,0.968427,0.972455,0.972682,0.969029,0.969097
3.20400,7.94800,0.963785,0.967876,0.966889,0.971092,0.970630,0.968040,0.968967
3.20300,11.0610,0.964119,0.966887,0.967525,0.970146,0.969810,0.967038,0.971694
3.20300,13.5810,0.964611,0.966464,0.968135,0.970646,0.971539,0.967871,0.969357
3.20400,15.6930,0.965949,0.967311,0.968348,0.971509,0.970748,0.968184,0.972862
3.20300,1.54100,0.965300,0.965899,0.967074,0.969895,0.969223,0.967533,0.969616
3.20400,0.750000,0.964119,0.965858,0.968348,0.969923,0.970015,0.968223,0.971434
3.20500,0.685000,0.963962,0.965697,0.968003,0.968560,0.969634,0.968132,0.972213
3.20500,0.669000,0.962526,0.965091,0.967287,0.967530,0.969048,0.966479,0.971889
3.20500,0.667000,0.961818,0.964244,0.966623,0.966946,0.967113,0.966206,0.969097
3.20600,0.670000,0.960677,0.964204,0.967366,0.967836,0.967670,0.965191,0.970201
3.20600,0.671000,0.960244,0.964789,0.964315,0.967753,0.967113,0.964917,0.968902
3.20500,0.672000,0.960578,0.964547,0.965668,0.968059,0.968110,0.965021,0.968578
3.20400,0.673000,0.960716,0.966100,0.964978,0.967753,0.967318,0.964293,0.967604
3.20600,0.672000,0.959162,0.964526,0.964209,0.967141,0.966967,0.963603,0.967863
3.20600,0.670000,0.959910,0.963437,0.964156,0.966055,0.967084,0.964110,0.967279
3.20500,0.672000,0.959477,0.963780,0.963864,0.966083,0.967230,0.964058,0.966825
3.20600,0.671000,0.958316,0.962811,0.961211,0.964692,0.965120,0.962354,0.964358
3.20400,0.671000,0.957136,0.961036,0.959964,0.964303,0.963889,0.961456,0.965137
3.20600,0.670000,0.957470,0.961883,0.962007,0.963941,0.964768,0.962120,0.965137
3.20500,0.675000,0.957077,0.961217,0.960627,0.963023,0.963391,0.961131,0.964358
3.20600,0.675000,0.956290,0.960975,0.959513,0.962466,0.963596,0.959543,0.964812
3.20600,0.672000,0.956939,0.959623,0.961078,0.963746,0.963742,0.961937,0.966565
3.20600,0.671000,0.956841,0.960531,0.960070,0.963301,0.963244,0.961013,0.962994
3.20600,0.671000,0.955936,0.958049,0.957788,0.960880,0.963156,0.959881,0.962475
12.8250,3.77200,0.955857,0.959603,0.959672,0.962605,0.963449,0.960272,0.962475
12.8200,7.86200,0.955975,0.959240,0.959964,0.962244,0.963742,0.959842,0.963254
12.8170,10.9800,0.955169,0.959785,0.957762,0.962077,0.962042,0.958905,0.963059
12.8170,13.5210,0.956152,0.959704,0.960070,0.962772,0.963830,0.959894,0.963449
12.8170,9.76700,0.958119,0.961782,0.961423,0.964303,0.965237,0.961039,0.963838
12.8160,1.37900,0.957942,0.959845,0.960362,0.963524,0.963918,0.960233,0.964682
12.8180,0.806000,0.961739,0.969470,0.967791,0.980885,0.984084,1.00256,0.977147
12.8170,0.752000,0.968801,0.992070,0.976387,1.04123,1.04704,1.12262,1.02084
12.8160,0.742000,0.981135,1.03200,0.990475,1.12039,1.12947,1.21400,1.10323
12.8160,0.730000,0.999862,1.08285,1.00188,1.17292,1.17531,1.21876,1.15555
12.8150,0.723000,1.01322,1.10703,1.00945,1.19348,1.18522,1.15701,1.15912
12.8150,0.717000,1.01041,1.10366,1.00799,1.18681,1.16827,1.11632,1.14088
12.8150,0.720000,0.999095,1.08098,1.00324,1.16054,1.13981,1.11591,1.11485
12.8150,0.720000,0.987705,1.05295,0.999469,1.12640,1.11203,1.10557,1.08641
12.8140,0.722000,0.980663,1.02791,0.994455,1.09385,1.08828,1.06838,1.05700
12.8150,0.721000,0.973208,1.00936,0.990634,1.06538,1.06560,1.03425,1.02999
12.8150,0.721000,0.970257,0.997458,0.989414,1.04491,1.04889,1.01521,1.01318
12.8140,0.721000,0.967109,0.990456,0.986973,1.02994,1.03599,1.00258,1.00097
12.8140,0.724000,0.964847,0.983070,0.984718,1.01675,1.02231,0.993767,0.992144
12.8130,0.721000,0.962900,0.978732,0.983285,1.00773,1.01301,0.986909,0.985198
12.8120,0.721000,0.962034,0.975887,0.983391,1.00225,1.00850,0.984437,0.982211
12.8120,0.718000,0.961247,0.973324,0.980977,0.996466,1.00185,0.980923,0.978641
12.8120,0.721000,0.958651,0.969813,0.979863,0.990929,0.995515,0.977332,0.974421
12.8130,0.721000,0.958454,0.969611,0.980287,0.988370,0.991969,0.975679,0.974810
12.8130,0.723000,0.957038,0.967957,0.977846,0.985142,0.989389,0.974560,0.972927
12.8110,3.76400,0.956172,0.965616,0.977050,0.980885,0.985139,0.971944,0.970850
12.8090,7.81200,0.955110,0.965757,0.976228,0.979466,0.984231,0.972270,0.970071
12.8100,10.9020,0.954992,0.964970,0.975671,0.977602,0.981593,0.971489,0.969227
12.8100,13.4430,0.954441,0.964345,0.975379,0.976517,0.979424,0.970422,0.967604
12.8100,8.71600,0.956585,0.968017,0.977342,0.979633,0.985227,0.973571,0.970395
12.8110,1.28700,0.961365,0.983010,0.978138,1.01617,1.02497,1.03387,0.993832
12.8100,0.738000,0.974407,1.03650,0.989361,1.10492,1.11531,1.16506,1.09381
12.8100,0.689000,1.01001,1.11948,1.00934,1.17807,1.18671,1.22262,1.17380
12.8110,0.678000,1.04399,1.17063,1.02075,1.21747,1.21423,1.19751,1.19496
12.8110,0.664000,1.06008,1.19214,1.02704,1.22581,1.20682,1.14917,1.17724
12.8100,0.658000,1.05837,1.18253,1.02751,1.20773,1.18290,1.13515,1.14672
12.8090,0.665000,1.04580,1.15826,1.02210,1.17829,1.15596,1.13611,1.12608
12.8100,0.673000,1.02555,1.12718,1.01247,1.14182,1.12481,1.12060,1.10524
12.8090,0.668000,1.00612,1.09288,1.00016,1.10222,1.09508,1.07783,1.07706
12.8090,0.665000,0.992722,1.05967,0.991749,1.06942,1.06967,1.03909,1.04687
12.8100,0.666000,0.983614,1.03590,0.986204,1.04621,1.05097,1.01673,1.02318
12.8080,0.668000,0.976611,1.01636,0.982065,1.02768,1.03347,1.00200,1.00948
12.8090,0.668000,0.971024,1.00527,0.980154,1.01669,1.02222,0.993155,0.999156
12.8080,0.667000,0.967404,0.995682,0.977952,1.00715,1.01211,0.987976,0.991365
12.8080,0.666000,0.964788,0.989265,0.973760,0.998080,1.00255,0.982797,0.986237
12.8070,0.668000,0.963706,0.983111,0.972407,0.993823,0.995281,0.980233,0.981173
12.8070,0.668000,0.962152,0.979196,0.970683,0.989817,0.990855,0.977878,0.978381
12.8080,0.669000,0.959870,0.976835,0.970603,0.986506,0.987484,0.974599,0.977147
12.8080,0.667000,0.959280,0.974817,0.967711,0.982583,0.982443,0.972829,0.974356
12.8060,0.670000,0.958749,0.974434,0.967605,0.979967,0.979512,0.972296,0.972213
12.8070,3.68400,0.955877,0.972457,0.966411,0.977658,0.976346,0.969862,0.969876
12.8060,7.74100,0.954579,0.970822,0.965456,0.975849,0.975232,0.968600,0.969616
12.8050,10.8360,0.954874,0.969995,0.965535,0.975070,0.975027,0.967572,0.968253
12.8040,13.3880,0.955838,0.969248,0.965562,0.972594,0.973737,0.968092,0.966825
12.8060,8.59400,0.957175,0.969450,0.964740,0.974430,0.974206,0.967689,0.967279
12.8060,1.26200,0.959162,0.974394,0.965960,0.992348,0.998476,0.982355,0.973057
12.8050,0.727000,0.969352,1.01215,0.973548,1.05484,1.06821,1.08441,1.03188
12.8050,0.684000,0.992269,1.07668,0.988061,1.12470,1.14019,1.17578,1.12407
12.8060,0.683000,1.02416,1.13743,1.00106,1.17390,1.18117,1.20818,1.17276
12.8080,0.673000,1.04058,1.16478,1.00634,1.19454,1.19225,1.18605,1.18107
12.8060,0.672000,1.04143,1.16958,1.00621,1.19028,1.17792,1.15137,1.16867
12.8050,0.669000,1.03086,1.15354,1.00095,1.16293,1.14702,1.13651,1.14705
12.8060,0.674000,1.01330,1.12012,0.993128,1.12039,1.11018,1.12226,1.11517
12.8000,0.667000,0.996026,1.08092,0.984134,1.08044,1.07665,1.08330,1.07648
12.7990,0.666000,0.981804,1.04704,0.976228,1.05017,1.05085,1.04327,1.04304
12.8000,0.671000,0.973994,1.02199,0.973203,1.02927,1.03122,1.01753,1.01623
12.8000,0.670000,0.967404,1.00406,0.968825,1.01297,1.01542,1.00202,1.00422
12.8000,0.671000,0.963490,0.993866,0.965244,1.00198,1.00296,0.993103,0.995585
12.8000,0.672000,0.960323,0.985693,0.964793,0.993461,0.993698,0.986467,0.985652
12.8000,0.671000,0.958100,0.980326,0.962935,0.988676,0.988246,0.980663,0.979614
12.8000,0.674000,0.956074,0.975019,0.960892,0.982471,0.982443,0.975705,0.975070
12.8000,0.673000,0.955169,0.973001,0.959141,0.980023,0.977987,0.974039,0.973901
12.8000,0.673000,0.954323,0.970762,0.960017,0.976934,0.975994,0.971307,0.971564
12.7990,0.670000,0.952828,0.968401,0.957735,0.974096,0.972008,0.968990,0.969551
12.7980,0.671000,0.951254,0.965152,0.957178,0.971453,0.969429,0.967260,0.966695
12.7980,3.70500,0.951195,0.965293,0.957390,0.970535,0.968227,0.966596,0.965851
12.7970,7.73000,0.950251,0.963820,0.955719,0.967669,0.965355,0.965932,0.965007
12.7960,10.8080,0.948972,0.962609,0.954870,0.965638,0.964153,0.964826,0.962475
12.7970,13.3240,0.949798,0.961984,0.955825,0.964776,0.965413,0.964150,0.961955
12.7980,9.82800,0.951746,0.963881,0.955586,0.967753,0.966410,0.964800,0.963579
12.7980,1.24600,0.953379,0.965697,0.956356,0.980273,0.984436,0.973857,0.966500
12.7990,0.729000,0.960696,0.994310,0.961397,1.02677,1.03963,1.05886,1.00721
12.7990,0.686000,0.980132,1.04909,0.973734,1.09310,1.10769,1.15114,1.09485
12.7990,0.676000,1.00765,1.10963,0.988008,1.14204,1.15180,1.18915,1.14770
12.7980,0.675000,1.02504,1.14226,0.992385,1.16636,1.16783,1.18117,1.16646
12.7980,0.673000,1.02793,1.15027,0.992890,1.16658,1.15963,1.15247,1.16250
12.7990,0.673000,1.01599,1.13515,0.987318,1.14143,1.13073,1.13481,1.14075
12.7990,0.675000,0.999862,1.10356,0.978642,1.10245,1.09306,1.11632,1.10913
12.8030,0.681000,0.984538,1.06550,0.971558,1.06210,1.06097,1.07648,1.06895
12.8050,0.675000,0.971417,1.03273,0.964527,1.03406,1.03415,1.03598,1.03486
12.8040,0.672000,0.962605,1.00841,0.961397,1.01377,1.01583,1.01115,1.01305
12.8060,0.680000,0.959005,0.993381,0.959354,1.00147,1.00410,0.997736,0.999675
12.8050,0.672000,0.955719,0.983534,0.958080,0.991709,0.994226,0.988991,0.989028
12.8040,0.673000,0.953654,0.977198,0.955294,0.984335,0.984113,0.981678,0.984289
12.8050,0.670000,0.952041,0.972457,0.954870,0.978548,0.978837,0.976590,0.978381
12.8040,0.673000,0.950448,0.967896,0.952270,0.975293,0.974734,0.972842,0.974810
12.8040,0.676000,0.948343,0.965132,0.951341,0.971453,0.969458,0.970201,0.970006
12.8040,0.675000,0.947438,0.962630,0.951766,0.969255,0.967377,0.967559,0.968837
12.8030,0.675000,0.946258,0.962327,0.950810,0.967836,0.965736,0.966661,0.967019
12.8040,0.677000,0.944113,0.959421,0.949696,0.963579,0.961163,0.963824,0.962020
3.20900,3.90700,0.944684,0.959078,0.950068,0.963412,0.961485,0.962926,0.961436
3.20700,7.86100,0.943661,0.959159,0.950200,0.962327,0.960049,0.962054,0.961306
3.20700,10.9170,0.943444,0.958211,0.949139,0.960296,0.960548,0.961013,0.961047
3.20700,13.4140,0.943582,0.956980,0.948555,0.959517,0.958496,0.961170,0.958969
3.20900,13.5010,0.945726,0.959764,0.950306,0.960964,0.961544,0.962094,0.958709
3.20900,1.41400,0.947438,0.958796,0.950094,0.966946,0.968930,0.961976,0.956957
3.21000,0.810000,0.950034,0.961479,0.950227,0.980551,0.985051,0.972985,0.963773
3.21000,0.766000,0.950231,0.964748,0.949882,0.986311,0.990181,0.982329,0.969162
3.21100,0.758000,0.949464,0.963074,0.949882,0.983083,0.987953,0.980246,0.968318
3.21100,0.754000,0.946769,0.960289,0.950280,0.978326,0.980977,0.973844,0.966435
3.21000,0.750000,0.946021,0.959139,0.952217,0.972844,0.974939,0.969016,0.963968
3.21000,0.747000,0.946297,0.957222,0.952190,0.969199,0.971920,0.966075,0.961241
3.21000,0.747000,0.944900,0.955043,0.951686,0.966584,0.966996,0.963447,0.961306
3.21100,0.750000,0.943917,0.953913,0.949457,0.963051,0.963977,0.961235,0.958580
3.21100,0.753000,0.942028,0.952803,0.948210,0.961186,0.962687,0.959920,0.957930
3.21100,0.745000,0.940474,0.952561,0.948078,0.958321,0.960313,0.959504,0.955139
3.21100,0.748000,0.940081,0.950825,0.947016,0.956262,0.958261,0.958541,0.955983
3.21100,0.748000,0.938723,0.949675,0.946433,0.955065,0.957587,0.958931,0.954879
3.21100,0.752000,0.937917,0.948545,0.947308,0.953312,0.954920,0.956355,0.954684
3.21100,0.745000,0.937641,0.948364,0.946990,0.951838,0.954128,0.955106,0.952217
3.21100,0.742000,0.938035,0.947496,0.947653,0.950780,0.953923,0.955639,0.954360
3.21100,0.741000,0.936973,0.945841,0.948821,0.949612,0.952604,0.955184,0.953970
3.21300,0.744000,0.937504,0.945639,0.946220,0.949083,0.952663,0.953401,0.953191
3.21100,0.746000,0.937071,0.947213,0.946061,0.949862,0.951989,0.953180,0.952736
3.21100,0.743000,0.936087,0.948061,0.946671,0.950001,0.951256,0.953817,0.951698
3.21000,3.96600,0.935733,0.947839,0.945796,0.948415,0.950787,0.953128,0.951438
3.20900,7.88800,0.935281,0.946729,0.944655,0.947581,0.949878,0.951813,0.949166
3.20900,10.9370,0.936225,0.947072,0.944416,0.948248,0.950582,0.952126,0.950075
3.20900,13.4300,0.935360,0.946810,0.943753,0.947803,0.949615,0.952451,0.950984
3.21000,12.1990,0.936835,0.947072,0.945212,0.947358,0.949790,0.952555,0.950529
3.21100,1.39000,0.936992,0.947435,0.945876,0.947358,0.950259,0.951852,0.949945
3.21100,0.750000,0.937386,0.945781,0.944178,0.946607,0.949585,0.951046,0.951698
3.21100,0.703000,0.936717,0.945902,0.942427,0.946829,0.949321,0.950564,0.952607
3.21100,0.696000,0.935655,0.945680,0.940728,0.945633,0.947504,0.948053,0.950854
3.21200,0.695000,0.933845,0.944308,0.939535,0.945271,0.946625,0.946999,0.950724
3.21100,0.693000,0.932468,0.943723,0.941816,0.944604,0.945833,0.947662,0.948322
3.21100,0.689000,0.932586,0.942108,0.940702,0.944659,0.945042,0.947441,0.949555
3.21100,0.690000,0.932291,0.943198,0.941551,0.943991,0.945599,0.948781,0.948192
3.21000,0.687000,0.933314,0.942936,0.942055,0.943546,0.945394,0.948807,0.949101
3.21200,0.690000,0.932960,0.941846,0.940410,0.943240,0.944368,0.948716,0.948581
3.21100,0.689000,0.932940,0.942492,0.941471,0.942600,0.944837,0.949419,0.947867
3.21200,0.692000,0.932665,0.941563,0.939455,0.942545,0.945130,0.948508,0.948062
3.21200,0.690000,0.931819,0.940776,0.939137,0.942211,0.944456,0.946335,0.946374
3.21200,0.691000,0.931996,0.940393,0.937412,0.941682,0.943430,0.944279,0.945725
3.21200,0.699000,0.931760,0.939485,0.936696,0.940931,0.942990,0.943420,0.945335
3.21100,0.694000,0.930619,0.939747,0.936430,0.940764,0.941642,0.942483,0.945206
3.21100,0.694000,0.929930,0.938759,0.936961,0.939818,0.940675,0.941429,0.943258
3.21200,0.687000,0.930756,0.939303,0.936696,0.939540,0.941906,0.942223,0.945335
3.21300,0.683000,0.931425,0.939001,0.937279,0.939901,0.942023,0.941676,0.943518
3.21300,0.689000,0.930186,0.938819,0.936775,0.939484,0.941056,0.941481,0.943063
