Det0.000000,Det0.000000,Det0.000000,Det0.000000,Det0.000000,Det0.000000,Det0.000000,Det0.000000,Det0.000000,Det0.000000,Det0.000000,Det0.000000,Det0.000000,Det0.000000,Det0.000000,Det0.000000,Det0.000000,Det0.000000
0.998418,1.00065,1.00000,0.999613,1.00274,0.998756,0.999456,0.997225,1.00089,1.00744,1.00169,1.00125,1.00082,1.00136,1.00093,0.999055,1.00000,0.999772
0.997011,0.999210,0.994204,1.00077,0.998466,0.998922,1.00018,0.998360,0.998415,1.00267,1.00338,0.998546,1.00163,0.997965,0.999225,0.999055,0.999180,1.00076
0.997011,1.00076,0.996879,0.999806,0.999123,0.996849,0.998911,0.998360,0.999406,1.00534,0.998312,1.00145,1.00204,1.00068,1.00140,1.00014,0.999317,1.00129
0.998506,1.00216,0.995987,1.00194,1.00088,1.00099,0.995102,0.998865,0.999802,1.00382,1.00300,1.00229,0.999591,0.998643,1.00155,1.00149,0.998634,1.00099
0.998769,1.00045,0.998217,1.00000,1.00230,0.998839,0.996372,1.00013,1.00129,1.00420,1.00038,1.00000,1.00000,0.995251,1.00093,1.00432,0.999727,1.00259
1.00097,1.00223,1.00134,0.999225,0.999890,0.998673,0.996734,0.999117,1.00000,1.00344,1.00300,1.00374,1.00450,0.994573,1.00217,1.00149,1.00150,0.999848
1.00457,1.00241,1.00178,1.00213,1.00449,1.00174,1.00036,1.00341,1.00327,1.00534,1.00225,1.00519,1.00041,1.00475,1.00078,1.00257,1.00519,1.00441
1.00756,1.00491,1.01025,1.00891,1.00625,1.00514,1.00635,1.00202,1.00366,1.00248,1.00619,1.00540,1.00041,1.00611,1.00543,1.00324,1.00847,1.00563
1.00501,1.00158,1.01337,1.00387,1.00340,1.00257,1.00835,1.00265,1.00119,1.00286,1.00206,1.00353,1.00327,1.00475,1.00031,1.00324,1.01011,1.00426
1.00237,1.00052,1.00312,1.00232,1.00000,1.00058,1.00381,1.00076,1.00069,0.999046,1.00113,1.00603,0.997957,1.00407,0.998914,1.00243,1.00232,0.999695
0.998681,1.00045,0.999554,1.00058,0.999452,0.998259,0.998730,0.999874,0.999703,1.00210,1.00375,1.00166,1.00368,1.00068,1.00124,1.00189,0.999044,1.00000
0.998418,0.999450,0.997325,0.998838,1.00219,0.996766,0.997642,0.996720,1.00178,1.00134,1.00338,1.00249,1.00163,0.998643,1.00357,1.00189,0.997541,1.00008
0.993935,0.998454,0.996879,0.994578,0.997589,0.995771,1.00109,0.997729,0.999307,0.999046,1.00150,1.00166,0.997548,0.991859,0.999690,0.997164,0.995081,0.998401
0.993319,0.999210,0.991529,0.992448,0.999233,0.995771,0.996553,0.996342,0.998613,1.00076,0.999812,0.998546,0.997139,0.999322,0.998449,0.995544,0.994398,0.996651
0.993495,0.998729,0.995096,0.995933,0.998575,0.996103,0.996372,0.996594,0.998712,1.00038,0.998124,0.997507,0.997957,0.995251,0.998914,0.999325,0.994262,0.998401
0.994989,0.998007,0.992867,0.997289,0.999233,0.996269,0.994739,0.994323,0.998712,0.998473,0.997749,0.999584,0.996731,0.996608,0.998449,0.996894,0.991119,0.996270
0.993319,0.995739,0.988854,0.992641,0.996274,0.993449,0.996009,0.995332,0.996830,0.998473,0.996811,0.996468,0.994279,0.994573,0.995192,0.994059,0.991666,0.995585
0.991385,0.994536,0.991083,0.996321,0.996054,0.994196,0.994739,0.992809,0.996335,0.995610,0.994373,0.997507,0.995913,0.995929,0.995192,0.995409,0.993169,0.994291
0.991649,0.996770,0.989746,0.991867,0.996822,0.992952,0.990929,0.993440,0.995840,0.996755,0.996248,0.998753,0.996731,1.00000,0.996898,0.994734,0.993715,0.993986
0.991561,0.994330,0.986179,0.991092,0.993424,0.991957,0.994739,0.993945,0.994750,0.995801,0.995310,0.991481,0.991418,0.994573,0.994417,0.993924,0.989753,0.992388
0.990418,0.993608,0.983058,0.991092,0.993205,0.991459,0.994920,0.992683,0.995642,0.997328,0.993247,0.994806,0.988557,0.994573,0.991315,0.994329,0.988250,0.993454
0.989364,0.993471,0.989300,0.992448,0.994630,0.992123,0.992925,0.993440,0.992472,0.994083,0.995123,0.995637,0.995096,0.995251,0.994262,0.993519,0.991802,0.994215
0.991210,0.994880,0.987071,0.989543,0.993862,0.991791,0.993106,0.991169,0.991680,0.995419,0.996624,0.994598,0.993870,0.991859,0.993797,0.994329,0.990299,0.994824
0.989803,0.992509,0.988408,0.990124,0.993753,0.990133,0.994013,0.992179,0.991977,0.995419,0.993060,0.993975,0.990192,0.995929,0.995658,0.990278,0.990299,0.991170
0.991034,0.993161,0.990637,0.992060,0.992328,0.990879,0.995102,0.992683,0.994453,0.995228,0.993060,0.992728,0.991827,0.995929,0.993176,0.991088,0.989479,0.993530
0.989715,0.992818,0.991083,0.991092,0.992109,0.988889,0.990022,0.991926,0.993463,0.996373,0.993247,0.993559,0.991418,0.992537,0.994417,0.992574,0.989343,0.992083
0.991473,0.992955,0.985288,0.991092,0.992986,0.990547,0.988752,0.990539,0.993463,0.996373,0.994185,0.998338,0.990601,0.993216,0.994727,0.991088,0.990026,0.993986
0.987869,0.991718,0.987517,0.988381,0.991999,0.988391,0.990203,0.990160,0.989501,0.996564,0.992872,0.993559,0.990601,0.990502,0.989609,0.990683,0.989343,0.993377
0.990946,0.993471,0.987071,0.991480,0.994301,0.988308,0.990203,0.989908,0.992968,0.994274,0.992122,0.995637,0.988149,0.993216,0.994417,0.991628,0.991392,0.991398
0.989364,0.992612,0.985733,0.989737,0.992986,0.990050,0.990385,0.993062,0.992869,0.994846,0.993060,0.995221,0.991418,0.989824,0.991160,0.991088,0.988113,0.993910
0.991034,0.994330,0.992867,0.991092,0.993424,0.990464,0.991292,0.994954,0.993166,0.995037,0.996624,0.998338,0.992235,0.991859,0.993797,0.995004,0.991802,0.994519
0.996132,0.995258,0.993758,0.994578,0.995068,0.994361,0.993832,0.994449,0.996038,0.995228,0.994748,1.00000,0.993870,0.997286,0.993641,0.996894,0.995901,0.995889
0.997627,0.997423,0.999108,0.996902,0.996822,0.996683,0.997642,0.995837,0.996236,0.999618,0.996811,0.999584,0.996731,0.992537,0.995813,0.996624,1.00027,0.999924
0.997363,0.998454,0.997325,0.998064,0.997041,0.996766,0.996553,0.992052,0.997128,0.998473,0.997937,0.998546,0.996731,0.991859,0.996433,0.997029,1.00314,0.998706
0.994198,0.994261,0.995096,0.995740,0.994410,0.993947,0.997279,0.991422,0.993166,0.995228,0.993997,0.995221,0.993870,0.995251,0.993641,0.996354,0.998087,0.994519
0.993056,0.994089,0.995542,0.992254,0.995178,0.992786,0.994557,0.990160,0.992769,0.997137,0.994373,0.995637,0.993870,0.992537,0.995813,0.996084,0.991392,0.994062
0.992616,0.995120,0.988408,0.991673,0.992657,0.990962,0.994376,0.988142,0.994057,0.996755,0.996811,0.991481,0.993461,0.993894,0.991005,0.993924,0.991802,0.992388
0.990770,0.993024,0.987517,0.990705,0.991780,0.990298,0.994195,0.990286,0.992670,0.993892,0.994185,0.991481,0.993461,0.993216,0.991315,0.995274,0.989206,0.992845
0.990682,0.993196,0.990192,0.988768,0.992547,0.988640,0.994920,0.989908,0.991977,0.993892,0.991184,0.992105,0.990601,0.995251,0.991005,0.995544,0.986610,0.991551
0.990331,0.990928,0.986179,0.988768,0.991122,0.988060,0.992380,0.988647,0.992968,0.993892,0.994373,0.993144,0.991827,0.987788,0.991005,0.990143,0.986337,0.991551
0.989627,0.992612,0.987071,0.988381,0.990574,0.988723,0.990566,0.984483,0.991977,0.995228,0.992122,0.996260,0.988966,0.986432,0.990385,0.990818,0.987840,0.991322
0.987957,0.991546,0.989300,0.990511,0.991999,0.986899,0.991110,0.987259,0.991482,0.993319,0.991559,0.992728,0.990192,0.990502,0.988213,0.989873,0.985790,0.990865
0.986551,0.990756,0.980383,0.986832,0.991013,0.989469,0.990566,0.985367,0.990590,0.991602,0.990433,0.990443,0.991827,0.993216,0.989919,0.988388,0.989343,0.988353
0.986639,0.991271,0.983058,0.988768,0.990684,0.988308,0.990566,0.987511,0.989996,0.992556,0.990058,0.992728,0.992644,0.993894,0.988058,0.989603,0.985517,0.990409
0.985408,0.988694,0.979492,0.986638,0.989917,0.986401,0.992743,0.987890,0.991680,0.990075,0.989120,0.989819,0.988149,0.989145,0.989299,0.988388,0.989753,0.989039
0.986551,0.990447,0.982167,0.986445,0.990136,0.986650,0.990748,0.986250,0.987916,0.991029,0.990433,0.990235,0.983245,0.988467,0.988989,0.988118,0.986610,0.987973
0.986551,0.989210,0.981721,0.985476,0.990026,0.988308,0.991110,0.985619,0.989699,0.991983,0.988745,0.991066,0.986105,0.989824,0.986352,0.989738,0.985517,0.988886
0.984880,0.988832,0.985733,0.985089,0.988821,0.986650,0.990748,0.986880,0.990095,0.990838,0.990058,0.989611,0.988966,0.990502,0.988213,0.988253,0.985790,0.987745
0.984529,0.989897,0.980383,0.984702,0.988821,0.983499,0.990203,0.986376,0.988807,0.992556,0.989308,0.987741,0.987740,0.987788,0.985732,0.989198,0.985107,0.988353
0.985144,0.989347,0.980383,0.984895,0.989698,0.985821,0.990748,0.985493,0.987619,0.989884,0.989495,0.988365,0.984471,0.987110,0.986507,0.988928,0.983194,0.987973
0.985056,0.988935,0.982613,0.987800,0.987944,0.984162,0.989296,0.987385,0.987124,0.988738,0.988182,0.986079,0.984879,0.987110,0.987903,0.985012,0.984014,0.988962
0.984265,0.987835,0.977263,0.984702,0.985971,0.983499,0.990566,0.985871,0.986529,0.987784,0.987995,0.987326,0.988966,0.987110,0.987748,0.986362,0.985654,0.985461
0.985320,0.986804,0.980829,0.984508,0.988930,0.985406,0.988752,0.986124,0.988708,0.991411,0.988370,0.988157,0.981610,0.989145,0.988989,0.988523,0.984561,0.987059
0.983474,0.989485,0.981721,0.986638,0.986738,0.985323,0.988026,0.986754,0.988907,0.988738,0.989495,0.990858,0.986923,0.989145,0.987128,0.988928,0.983604,0.987592
0.984880,0.988557,0.983058,0.989156,0.986519,0.983914,0.987300,0.984988,0.987619,0.987593,0.990433,0.989819,0.986105,0.989824,0.986197,0.988793,0.982785,0.988049
0.984617,0.990138,0.985733,0.987026,0.988602,0.984992,0.987300,0.990286,0.989105,0.991220,0.987995,0.990443,0.986514,0.987788,0.988368,0.989063,0.988386,0.988353
0.989364,0.991306,0.988408,0.988962,0.990136,0.988889,0.994195,0.990539,0.991977,0.992174,0.991934,0.993559,0.988149,0.985753,0.989764,0.991493,0.989479,0.990485
0.991649,0.991924,0.992421,0.991480,0.993424,0.989635,0.994195,0.990917,0.992670,0.993510,0.992684,0.992105,0.989375,0.991180,0.992711,0.993924,0.995081,0.993454
0.990858,0.992577,0.996433,0.991867,0.990684,0.990464,0.993832,0.989530,0.991878,0.993701,0.990809,0.995013,0.987740,0.989145,0.990695,0.992033,0.997267,0.992083
0.987078,0.990447,0.991975,0.987800,0.987396,0.988391,0.996009,0.987637,0.989699,0.993701,0.990246,0.992105,0.984471,0.985753,0.990385,0.989198,0.991119,0.989115
0.988397,0.990103,0.990192,0.988575,0.987286,0.986484,0.992017,0.985367,0.989501,0.990075,0.991371,0.992936,0.988557,0.991859,0.987903,0.991088,0.985654,0.988810
0.986463,0.990378,0.983504,0.984508,0.990684,0.985572,0.991473,0.985745,0.988114,0.992174,0.989495,0.990027,0.986923,0.987788,0.985887,0.989603,0.987020,0.988506
0.984001,0.988522,0.986625,0.984702,0.988821,0.984826,0.991473,0.987259,0.986331,0.989693,0.988370,0.989196,0.985288,0.987788,0.985422,0.987848,0.984561,0.985994
0.983913,0.988179,0.984396,0.986057,0.985862,0.983002,0.989478,0.985240,0.986727,0.988738,0.990246,0.987741,0.985288,0.985075,0.986507,0.990008,0.985654,0.985918
0.983210,0.988625,0.982613,0.982378,0.986190,0.982007,0.987845,0.984483,0.986430,0.989502,0.988933,0.988573,0.985697,0.988467,0.984802,0.987578,0.983741,0.985613
0.985320,0.988282,0.979492,0.983153,0.987177,0.980348,0.989115,0.985619,0.986826,0.989311,0.986119,0.987741,0.982019,0.982361,0.983871,0.985552,0.982375,0.986222
0.981189,0.986426,0.977263,0.983734,0.983121,0.980514,0.988570,0.983474,0.983459,0.987211,0.986869,0.987741,0.985697,0.983039,0.984181,0.984607,0.983741,0.985918
0.981628,0.984983,0.979937,0.980635,0.983670,0.980099,0.990203,0.985493,0.983954,0.987975,0.986494,0.986079,0.983653,0.985075,0.982785,0.986767,0.983058,0.984624
0.984793,0.985911,0.983504,0.985670,0.986300,0.982089,0.986575,0.983600,0.985341,0.986639,0.987995,0.987326,0.984879,0.978290,0.983871,0.987443,0.983194,0.984091
0.982067,0.986289,0.977708,0.983153,0.986081,0.981177,0.985486,0.985240,0.981676,0.987402,0.989495,0.988157,0.983245,0.981682,0.984491,0.987578,0.982238,0.984624
0.981628,0.984948,0.979492,0.981410,0.983560,0.981012,0.984398,0.982591,0.983063,0.987020,0.986307,0.988780,0.982019,0.981004,0.984957,0.986632,0.981145,0.981731
0.981540,0.984192,0.976371,0.979861,0.981149,0.980348,0.982584,0.982339,0.981280,0.987020,0.982930,0.985871,0.983653,0.980326,0.983251,0.985012,0.979779,0.983938
0.981276,0.985533,0.977263,0.982378,0.984327,0.979602,0.983309,0.982970,0.980784,0.987211,0.986119,0.989404,0.983653,0.982361,0.984491,0.985687,0.980325,0.983025
0.980397,0.983402,0.981275,0.981797,0.985314,0.980017,0.986212,0.982591,0.980983,0.985493,0.984618,0.986703,0.983245,0.979647,0.983096,0.986497,0.979505,0.983634
0.980661,0.981684,0.975479,0.980248,0.982683,0.978690,0.987300,0.980699,0.979794,0.986639,0.986307,0.983378,0.980384,0.980326,0.981545,0.984202,0.981282,0.981883
0.979518,0.982680,0.984842,0.978892,0.983779,0.978524,0.984035,0.981077,0.978011,0.985493,0.983493,0.983171,0.982019,0.981682,0.980149,0.985957,0.980735,0.981959
0.981101,0.983780,0.978154,0.979861,0.986848,0.981012,0.981858,0.982591,0.981973,0.985112,0.982555,0.988780,0.984062,0.983718,0.983406,0.986227,0.980325,0.982797
0.979079,0.985223,0.979046,0.980635,0.980929,0.979436,0.985668,0.982465,0.981181,0.987020,0.984056,0.985248,0.981201,0.978969,0.981545,0.982987,0.977456,0.983786
0.978639,0.982405,0.977263,0.979086,0.981477,0.977861,0.983853,0.977797,0.980091,0.984539,0.981992,0.984002,0.979975,0.978290,0.979218,0.980691,0.977456,0.981655
0.979782,0.983952,0.979492,0.979473,0.984108,0.980597,0.981858,0.980573,0.981775,0.987975,0.984993,0.988157,0.982836,0.978290,0.982165,0.983932,0.979642,0.982112
0.982947,0.985326,0.982167,0.983927,0.987177,0.980265,0.980225,0.983727,0.983360,0.987211,0.984243,0.986703,0.985288,0.983718,0.983716,0.986767,0.984288,0.984015
0.983738,0.984467,0.986179,0.983540,0.984656,0.982255,0.986575,0.984862,0.983657,0.986639,0.985931,0.987326,0.984062,0.979647,0.982165,0.986767,0.986337,0.983710
0.986990,0.985189,0.987963,0.986832,0.986410,0.985572,0.992562,0.985619,0.984746,0.988548,0.987432,0.990443,0.986514,0.985075,0.983406,0.985687,0.988933,0.986603
0.988485,0.987595,0.991975,0.990124,0.989588,0.985572,0.985486,0.985745,0.986826,0.989502,0.986869,0.994182,0.985288,0.987110,0.984491,0.989603,0.991119,0.989800
0.986551,0.985670,0.989300,0.986057,0.986300,0.982753,0.985305,0.984357,0.983954,0.988929,0.985744,0.992105,0.988557,0.986432,0.981079,0.987038,0.989753,0.986070
0.981013,0.981959,0.982167,0.981216,0.982135,0.979270,0.988570,0.980951,0.979695,0.986257,0.983305,0.986703,0.979158,0.978290,0.981855,0.983662,0.982921,0.981503
0.981716,0.983299,0.980383,0.978699,0.982793,0.980265,0.988389,0.980825,0.979992,0.986448,0.983493,0.986703,0.980793,0.983039,0.980924,0.983797,0.981965,0.983101
0.982067,0.983883,0.981275,0.979667,0.985423,0.981841,0.982946,0.980825,0.982666,0.985875,0.983493,0.986495,0.982019,0.985753,0.981545,0.983257,0.981282,0.982797
0.981804,0.982131,0.979937,0.981216,0.980381,0.978524,0.982765,0.981834,0.980289,0.985303,0.981429,0.984625,0.979975,0.983718,0.979373,0.980556,0.979642,0.982949
0.976969,0.979485,0.978154,0.977149,0.979066,0.975373,0.986938,0.978428,0.978110,0.984348,0.983680,0.981508,0.974663,0.977612,0.979063,0.979206,0.976363,0.981274
0.978551,0.981237,0.971021,0.975794,0.979614,0.976948,0.986393,0.979942,0.979101,0.981294,0.980304,0.981301,0.977523,0.987788,0.977202,0.980151,0.978002,0.978686
0.977760,0.982405,0.978600,0.978699,0.982683,0.977695,0.981132,0.979185,0.980388,0.986066,0.985369,0.987949,0.982836,0.981682,0.981079,0.983122,0.978412,0.981274
0.976002,0.981134,0.980383,0.977924,0.979395,0.975954,0.985668,0.975653,0.977318,0.979958,0.982555,0.976522,0.979158,0.979647,0.977202,0.982312,0.975543,0.979371
0.978288,0.980344,0.975925,0.976569,0.977751,0.975456,0.984942,0.974770,0.977021,0.979195,0.979366,0.978184,0.977523,0.977612,0.974100,0.978261,0.978276,0.978991
0.977145,0.981340,0.975033,0.977730,0.980162,0.976948,0.981858,0.977293,0.979992,0.983776,0.980304,0.980677,0.981610,0.978969,0.977047,0.981637,0.978412,0.979523
0.980222,0.981340,0.983058,0.978118,0.980381,0.976700,0.980225,0.978933,0.979398,0.982821,0.981242,0.981508,0.982019,0.986432,0.979684,0.981772,0.980325,0.981350
0.976881,0.979416,0.976371,0.975213,0.977313,0.976285,0.982402,0.976914,0.975535,0.981103,0.980116,0.976937,0.976297,0.977612,0.974256,0.979881,0.975543,0.979295
0.976530,0.979072,0.975033,0.975988,0.978957,0.977363,0.980406,0.979816,0.975634,0.980722,0.978428,0.977561,0.978341,0.982361,0.974566,0.980556,0.978959,0.976479
0.978024,0.980550,0.973696,0.976762,0.980929,0.977446,0.977322,0.979690,0.978407,0.984157,0.982367,0.982963,0.979975,0.979647,0.977667,0.980961,0.978822,0.978610
0.977145,0.979588,0.976371,0.978892,0.978518,0.975207,0.978955,0.976536,0.976030,0.981867,0.979929,0.981716,0.976706,0.983039,0.979063,0.978801,0.976500,0.979447
0.977321,0.978625,0.977708,0.975407,0.975997,0.975290,0.981858,0.976031,0.975238,0.984730,0.978053,0.976522,0.978341,0.980326,0.974876,0.976641,0.975133,0.977468
0.976881,0.979588,0.974142,0.974438,0.977861,0.974710,0.978774,0.976914,0.978011,0.982058,0.980116,0.982547,0.979567,0.976934,0.977357,0.977451,0.974723,0.978762
0.978024,0.980034,0.974142,0.978505,0.979614,0.976534,0.978955,0.977293,0.976129,0.982439,0.981242,0.979846,0.979567,0.979647,0.977202,0.980151,0.975543,0.978001
0.975738,0.977629,0.969683,0.975988,0.975997,0.976202,0.981858,0.975401,0.976525,0.982630,0.978053,0.976522,0.976706,0.977612,0.974566,0.980691,0.973904,0.977316
0.982771,0.979175,0.973250,0.977924,0.978080,0.977861,0.984216,0.980320,0.977516,0.982439,0.978053,0.981301,0.979567,0.974898,0.978133,0.981772,0.977593,0.978838
1.09538,1.00729,1.03790,1.04357,0.992986,1.00050,1.01796,0.988647,0.983657,1.00153,1.01388,1.00914,0.995913,1.00204,0.983251,0.993249,0.991392,0.995052
1.12887,1.04667,1.13152,1.11154,1.00548,1.05464,1.08509,0.996342,0.991680,1.03035,1.05027,1.04903,1.02289,1.02714,1.00233,1.00824,1.00205,1.01347
1.10821,1.04955,1.15782,1.12452,1.01984,1.08060,1.10486,1.00719,1.00030,1.04257,1.05740,1.06108,1.03719,1.03053,1.02140,1.02363,1.01544,1.02078
1.10162,1.04165,1.15961,1.10670,1.03683,1.08682,1.08817,1.02573,1.00981,1.03760,1.04858,1.04592,1.03515,1.02510,1.02094,1.03241,1.04386,1.02017
1.09204,1.04337,1.14623,1.09799,1.04614,1.08881,1.07493,1.05639,1.01624,1.02176,1.03977,1.01911,1.02411,1.02103,1.01070,1.03295,1.06422,1.02109
1.08834,1.04392,1.14445,1.09024,1.04965,1.08151,1.06985,1.07582,1.02219,1.01374,1.01801,1.00166,1.00940,1.01357,1.00357,1.03416,1.07460,1.01949
1.08474,1.04014,1.13598,1.08230,1.04658,1.07139,1.06640,1.08313,1.01941,1.00210,1.00525,0.995429,0.995913,1.00271,0.995658,1.03025,1.07474,1.02017
1.08579,1.03632,1.12795,1.07881,1.04472,1.06285,1.06005,1.08490,1.01892,1.00115,0.996811,0.992936,0.994279,0.994573,0.992401,1.02674,1.06736,1.01774
1.08395,1.02729,1.11636,1.07223,1.03200,1.04726,1.05334,1.06976,1.01159,0.992747,0.993810,0.985664,0.991418,0.988467,0.990385,1.02052,1.05028,1.01218
1.07481,1.01533,1.08738,1.05229,1.01830,1.02463,1.04263,1.04630,1.00198,0.985493,0.986119,0.983171,0.984471,0.981004,0.982785,1.00878,1.03047,1.00464
1.06268,1.00601,1.06687,1.03447,1.00592,1.01252,1.03175,1.02763,0.993562,0.983776,0.983493,0.978807,0.987331,0.977612,0.979373,1.00135,1.01216,0.999163
1.04369,1.00172,1.05484,1.02266,1.00077,1.00572,1.01996,1.01539,0.990590,0.984539,0.984431,0.979015,0.980793,0.982361,0.981079,0.998650,1.00314,0.993682
1.02672,0.997560,1.03968,1.01530,0.996383,0.997347,1.01597,1.00631,0.987124,0.983966,0.982367,0.980885,0.982019,0.978969,0.978133,0.993519,0.997814,0.992007
1.01310,0.993643,1.02853,1.00562,0.993424,0.993366,1.01070,0.999369,0.985341,0.982439,0.980116,0.981093,0.978749,0.980326,0.978908,0.992574,0.994398,0.989495
1.00413,0.990275,1.01872,0.997095,0.989807,0.989469,1.00744,0.995585,0.980884,0.979767,0.980679,0.978184,0.981201,0.978290,0.978908,0.987578,0.987840,0.986450
0.998857,0.990069,1.01248,0.999032,0.988054,0.988391,1.00363,0.993693,0.982666,0.983585,0.981242,0.978184,0.979158,0.979647,0.981079,0.986227,0.987430,0.984928
0.995165,0.988076,1.00892,0.995546,0.987177,0.985655,0.998186,0.987763,0.981973,0.981867,0.978803,0.981093,0.973846,0.978290,0.974566,0.985417,0.987567,0.983938
0.993759,0.986254,1.00312,0.993222,0.986410,0.983002,0.998367,0.987259,0.980983,0.980149,0.982742,0.979431,0.979567,0.976934,0.976427,0.984472,0.987157,0.983786
0.991210,0.985189,1.00045,0.991286,0.984546,0.983997,0.993832,0.987006,0.980685,0.982058,0.980679,0.981716,0.974663,0.980326,0.977667,0.986767,0.985654,0.982720
0.989627,0.986323,0.997325,0.988962,0.986519,0.984245,0.991473,0.985619,0.979893,0.982439,0.981992,0.977353,0.980384,0.979647,0.975651,0.983932,0.983468,0.981198
0.989012,0.986117,0.989746,0.986057,0.985204,0.983416,0.989659,0.985240,0.979299,0.983203,0.980679,0.978184,0.978749,0.978290,0.973015,0.984472,0.984151,0.980285
0.988309,0.982509,0.990637,0.986445,0.983779,0.983582,0.990566,0.983474,0.978407,0.979195,0.981242,0.979846,0.977115,0.980326,0.977047,0.981231,0.983878,0.979371
0.986639,0.983883,0.992421,0.987607,0.982902,0.983333,0.988570,0.985114,0.979596,0.980340,0.981617,0.979638,0.978341,0.978969,0.972860,0.983932,0.984424,0.980665
0.986726,0.983780,0.985733,0.985864,0.983889,0.984660,0.987482,0.986502,0.978903,0.979958,0.978991,0.980054,0.979975,0.977612,0.976427,0.983797,0.981282,0.979600
0.995605,0.985808,1.00089,0.988381,0.983341,0.983250,0.990385,0.985871,0.978011,0.992365,0.998124,1.00893,0.988557,0.988467,0.979839,0.985822,0.983331,0.982568
1.08026,1.01416,1.07668,1.02498,0.988930,1.00597,1.02123,0.988647,0.983261,1.01966,1.03677,1.04093,1.01798,1.01357,0.996898,0.993924,0.989479,0.993073
1.09335,1.04065,1.12974,1.08327,1.01074,1.05041,1.06404,0.999622,0.993463,1.03550,1.05140,1.06025,1.03351,1.02646,1.02047,1.00959,1.00219,1.00670
1.08114,1.03938,1.14846,1.09469,1.02499,1.06625,1.07184,1.01703,1.00614,1.03818,1.03864,1.05610,1.03351,1.02103,1.02481,1.01998,1.03047,1.01370
1.08641,1.03529,1.14445,1.08482,1.03672,1.06725,1.06241,1.05399,1.01189,1.03035,1.03527,1.03927,1.02738,1.01357,1.02094,1.02403,1.06586,1.01408
1.08711,1.03667,1.13107,1.07649,1.04296,1.06750,1.05425,1.08313,1.01585,1.01584,1.02701,1.00873,1.01063,1.00882,1.01024,1.02417,1.08225,1.01241
1.08289,1.03887,1.12127,1.07339,1.04702,1.06708,1.05189,1.10042,1.01981,1.00630,1.01050,0.994390,0.997139,0.992537,0.997984,1.02525,1.08936,1.01294
1.07674,1.03780,1.11636,1.06875,1.04472,1.06086,1.04953,1.10836,1.01922,0.997137,0.999062,0.992520,0.990192,0.995251,0.991470,1.02741,1.08293,1.01226
1.07920,1.03540,1.11057,1.06836,1.03880,1.05730,1.04717,1.09928,1.01624,0.994083,0.994185,0.989819,0.989783,0.988467,0.987128,1.02241,1.07747,1.01111
1.07577,1.02890,1.09050,1.05906,1.02576,1.04859,1.04300,1.08238,1.00654,0.989502,0.986494,0.986703,0.983245,0.985075,0.986662,1.01323,1.06449,1.00655
1.06681,1.01897,1.06910,1.04822,1.01688,1.03458,1.03628,1.05992,1.00050,0.985875,0.987995,0.980054,0.983245,0.982361,0.982475,1.00567,1.04058,1.00167
1.05186,1.00804,1.05082,1.03544,1.00636,1.01965,1.02939,1.03911,0.993463,0.983012,0.982367,0.979223,0.985697,0.977612,0.981855,1.00027,1.02391,0.995509
1.03622,1.00131,1.03923,1.02440,0.999123,1.01045,1.01832,1.02208,0.989402,0.982058,0.982367,0.976937,0.979975,0.981682,0.980924,0.994464,1.01298,0.992159
1.02145,0.998866,1.03165,1.01414,0.995178,1.00240,1.01506,1.01564,0.989402,0.984730,0.983680,0.982547,0.982019,0.981682,0.983716,0.993654,1.00396,0.987364
1.00932,0.994983,1.02051,1.00813,0.991670,0.996186,1.01197,1.00770,0.985539,0.982821,0.981242,0.980677,0.980384,0.983718,0.979218,0.990548,0.997951,0.988049
1.00440,0.991924,1.00936,1.00329,0.990465,0.992952,1.00417,1.00114,0.985737,0.983012,0.984806,0.981716,0.982836,0.980326,0.978133,0.989738,0.992895,0.986374
0.998418,0.990447,1.01070,0.998064,0.987067,0.991625,1.00363,0.998739,0.981379,0.982821,0.979741,0.980054,0.977115,0.983718,0.976582,0.985417,0.989616,0.985233
0.994726,0.988385,1.00089,0.998257,0.986081,0.989138,1.00454,0.995332,0.981676,0.981485,0.981992,0.980470,0.979158,0.981682,0.978288,0.988118,0.990163,0.982264
0.994110,0.988179,0.997325,0.993416,0.986848,0.987396,1.00200,0.993440,0.981973,0.979767,0.981617,0.981716,0.977523,0.972185,0.976582,0.986902,0.988523,0.982492
0.991561,0.987801,0.995096,0.993610,0.987067,0.988972,0.994739,0.992179,0.982567,0.982058,0.980491,0.976522,0.978341,0.976934,0.977978,0.986902,0.989070,0.982035
0.992352,0.987320,0.991083,0.992254,0.985094,0.987479,0.995464,0.992936,0.981379,0.981867,0.982180,0.981924,0.979158,0.977612,0.977357,0.986767,0.988933,0.980894
0.990418,0.985979,0.992421,0.989349,0.983121,0.987148,0.994376,0.990286,0.980487,0.984539,0.980304,0.980054,0.981610,0.979647,0.977978,0.986632,0.987976,0.979143
0.988045,0.984880,0.987071,0.990318,0.984108,0.985157,0.994557,0.989277,0.980487,0.978813,0.979554,0.980054,0.975071,0.972863,0.977512,0.981637,0.984697,0.978686
0.984793,0.983643,0.988408,0.990511,0.983450,0.981924,0.988752,0.988647,0.980487,0.980149,0.978616,0.979638,0.977932,0.974220,0.977823,0.983257,0.987840,0.978838
0.985496,0.984433,0.995096,0.988381,0.983121,0.985240,0.987300,0.989403,0.981973,0.979004,0.979366,0.979846,0.979567,0.978969,0.976892,0.982177,0.982648,0.978991
0.986814,0.983024,0.991529,0.984508,0.982135,0.982753,0.988933,0.984736,0.979398,0.988929,0.986307,0.998753,0.981610,0.982361,0.978288,0.982312,0.984014,0.978458
1.03736,1.00014,1.03477,0.996514,0.985314,0.992123,0.999637,0.986628,0.981874,1.01298,1.02570,1.03407,1.01676,1.00136,0.993486,0.985687,0.988796,0.982340
1.08492,1.03089,1.10967,1.05074,0.995178,1.02778,1.04100,0.992809,0.984945,1.03054,1.04089,1.05360,1.02615,1.01628,1.01597,0.998380,0.994535,0.998630
1.07199,1.03656,1.12662,1.07765,1.01195,1.04950,1.05298,1.00732,0.994949,1.03169,1.03658,1.05215,1.02656,1.01425,1.01830,1.00945,1.01380,1.00510
1.07270,1.03117,1.13152,1.07301,1.02302,1.05622,1.05243,1.03381,1.00119,1.02329,1.02889,1.02950,1.02411,1.01018,1.01272,1.01472,1.04714,1.00830
1.07498,1.03113,1.12572,1.06603,1.03157,1.05672,1.04862,1.05967,1.00624,1.00611,1.01988,1.00374,1.00286,1.00136,1.00217,1.01755,1.07241,1.00799
1.07358,1.03230,1.11815,1.06390,1.03858,1.05614,1.04191,1.07872,1.01446,0.999046,1.00394,0.993351,0.993870,0.997965,0.995502,1.02174,1.08321,1.01035
1.06883,1.03268,1.10566,1.05655,1.03606,1.05249,1.04427,1.08515,1.01208,0.995610,0.991934,0.986703,0.991827,0.989145,0.986973,1.01674,1.08007,1.00632
1.06777,1.03179,1.10031,1.05480,1.03014,1.04751,1.04009,1.08074,1.00921,0.988166,0.990621,0.985456,0.986514,0.982361,0.983096,1.01364,1.07446,1.00639
1.06549,1.02615,1.07891,1.05229,1.02159,1.03930,1.03302,1.06875,1.00267,0.985684,0.985369,0.982755,0.986105,0.983718,0.981545,1.00716,1.06326,1.00152
1.05503,1.01515,1.05617,1.04435,1.00954,1.02985,1.02812,1.05425,0.999604,0.982249,0.984431,0.981716,0.982019,0.986432,0.980459,1.00432,1.04331,0.997869
1.03912,1.00584,1.04325,1.02905,1.00230,1.01716,1.02504,1.03318,0.991878,0.980531,0.981054,0.976937,0.976706,0.975577,0.977357,0.996219,1.02528,0.992312
1.02329,0.999141,1.03388,1.01801,0.997808,1.00663,1.01488,1.02069,0.986925,0.980340,0.981429,0.977561,0.975480,0.981004,0.975962,0.991628,1.00915,0.989800
1.01055,0.997320,1.02229,1.01084,0.993862,1.00191,1.00708,1.01186,0.988907,0.983394,0.980867,0.979223,0.982427,0.983039,0.978598,0.989468,1.00109,0.988353
1.00448,0.993677,1.01872,1.00136,0.988821,0.992703,1.00490,1.00265,0.984746,0.982058,0.978803,0.977353,0.976297,0.978969,0.975031,0.986902,0.997677,0.985004
0.995341,0.990722,1.00178,0.996708,0.984218,0.989884,0.998367,0.999243,0.983162,0.980340,0.980867,0.977561,0.975889,0.975577,0.976427,0.984607,0.990436,0.984471
0.995165,0.989553,1.00223,0.993610,0.986081,0.989718,0.996372,0.996342,0.982072,0.979576,0.976552,0.979638,0.975480,0.981004,0.975962,0.983527,0.990299,0.981959
0.994814,0.988488,0.993312,0.993610,0.984327,0.987396,0.995102,0.993440,0.982072,0.980531,0.975614,0.977353,0.975071,0.976255,0.977047,0.985012,0.987976,0.981655
0.989891,0.985601,0.994204,0.991673,0.984108,0.986567,0.995464,0.991674,0.980190,0.977858,0.979929,0.975899,0.976297,0.976255,0.973945,0.983662,0.986337,0.980970
0.986551,0.985601,0.985733,0.987607,0.981697,0.983748,0.995283,0.988142,0.978903,0.978049,0.976928,0.975899,0.975889,0.974898,0.974721,0.978801,0.984834,0.978686
0.987869,0.983711,0.991083,0.986445,0.983121,0.981924,0.993287,0.987511,0.979695,0.979195,0.977678,0.978184,0.975480,0.978969,0.975651,0.979206,0.984014,0.978077
0.988045,0.984777,0.989746,0.987026,0.982025,0.984577,0.987300,0.990034,0.980586,0.977095,0.977865,0.979846,0.975071,0.976934,0.971619,0.980826,0.984288,0.979523
0.988309,0.984227,0.987517,0.987994,0.982135,0.982338,0.994013,0.986754,0.978011,0.980912,0.975614,0.976730,0.970985,0.974220,0.972239,0.981501,0.982785,0.979904
0.984705,0.982646,0.984396,0.988381,0.980929,0.983416,0.988570,0.986124,0.977516,0.977668,0.975990,0.977976,0.973028,0.972185,0.973170,0.981501,0.984971,0.978305
0.984001,0.983024,0.987517,0.985864,0.983121,0.981343,0.985305,0.987890,0.980091,0.981867,0.979741,0.977353,0.977115,0.972863,0.974566,0.979476,0.983604,0.977697
0.984001,0.981134,0.981721,0.984121,0.977422,0.977944,0.985486,0.984231,0.978209,0.985875,0.984243,0.995637,0.980793,0.974220,0.974256,0.977451,0.980872,0.977697
1.02119,0.992474,1.01293,0.988187,0.978847,0.983499,0.990929,0.983600,0.977615,1.00649,1.02120,1.02950,1.00450,1.00339,0.986818,0.982042,0.983468,0.980665
1.07252,1.02003,1.08070,1.02943,0.987615,1.01285,1.02086,0.989151,0.980190,1.02520,1.03095,1.04633,1.01594,1.00882,1.00729,0.991493,0.989206,0.991018
1.06584,1.03055,1.11190,1.06042,1.00329,1.03781,1.04209,0.998360,0.990788,1.02749,1.03189,1.04820,1.02084,1.00882,1.01613,1.00216,1.00328,0.999086
1.06303,1.02663,1.11859,1.06487,1.01502,1.04411,1.04463,1.01791,0.996533,1.01718,1.02420,1.02888,1.01471,0.997286,1.00667,1.00743,1.03334,1.00175
1.06874,1.02557,1.11324,1.06197,1.02444,1.04768,1.03937,1.04415,1.00307,1.00477,1.01313,1.00249,1.00082,0.997286,0.996433,1.01121,1.05930,1.00236
1.06540,1.02746,1.10343,1.05190,1.02970,1.04668,1.03592,1.06232,1.00872,0.996755,0.998875,0.988780,0.989783,0.988467,0.988679,1.01175,1.07187,1.00282
1.06153,1.02787,1.10165,1.05383,1.02872,1.04395,1.03683,1.07342,1.01010,0.989502,0.992497,0.986495,0.984879,0.988467,0.983096,1.01431,1.07310,1.00190
1.06004,1.02646,1.08872,1.05170,1.02258,1.04113,1.03501,1.07392,1.00555,0.984539,0.989495,0.983378,0.983245,0.981004,0.980924,1.00878,1.06900,0.999239
1.05670,1.02086,1.07267,1.04241,1.01414,1.03383,1.03266,1.06472,1.00129,0.982821,0.983493,0.980677,0.982019,0.976934,0.977823,1.00338,1.06025,0.997412
1.04325,1.01055,1.05082,1.03563,1.00449,1.02670,1.02431,1.04705,0.997227,0.980340,0.978053,0.977145,0.974663,0.979647,0.975806,1.00041,1.04031,0.992768
1.02927,1.00155,1.03968,1.02169,0.997698,1.01376,1.01941,1.03002,0.991779,0.981294,0.977490,0.977976,0.975071,0.979647,0.974566,0.995004,1.02159,0.988201
1.01459,0.995223,1.02720,1.01375,0.993314,1.00174,1.01089,1.01539,0.984449,0.981867,0.978241,0.977561,0.975071,0.976255,0.975341,0.988658,1.00710,0.985537
1.00413,0.991821,1.01560,1.00445,0.988382,0.995108,1.00435,1.00618,0.983558,0.980722,0.978241,0.976522,0.975889,0.980326,0.975186,0.986767,0.999590,0.983634
0.998330,0.990584,1.00981,0.995933,0.986081,0.991791,1.00000,0.999117,0.981280,0.980340,0.978428,0.978392,0.977932,0.974898,0.973790,0.985147,0.992622,0.982112
0.992352,0.986701,1.00758,0.993610,0.982574,0.988226,1.00091,0.994071,0.980983,0.980722,0.975802,0.976314,0.973437,0.972863,0.973945,0.979341,0.988386,0.979371
0.990067,0.984880,0.998217,0.990124,0.981039,0.984080,0.990566,0.991169,0.979695,0.980340,0.975990,0.975899,0.972211,0.975577,0.973480,0.978801,0.987567,0.978610
0.986551,0.984811,0.995987,0.991673,0.981916,0.983084,0.988752,0.990665,0.982171,0.978431,0.977490,0.977561,0.976297,0.973541,0.975186,0.981772,0.986064,0.978762
0.985759,0.983574,0.989746,0.987800,0.980162,0.983250,0.991473,0.988773,0.980784,0.980531,0.975990,0.977561,0.973437,0.974220,0.973170,0.981366,0.984971,0.979447
0.981980,0.983643,0.987071,0.983734,0.978957,0.982338,0.993650,0.985871,0.978308,0.977477,0.975427,0.977145,0.974254,0.974220,0.973015,0.977991,0.982101,0.978001
0.982683,0.982990,0.988854,0.983346,0.978628,0.979685,0.992743,0.984736,0.976228,0.977477,0.975614,0.976314,0.971802,0.973541,0.971619,0.977046,0.982511,0.976250
0.983562,0.982234,0.988854,0.983734,0.978957,0.981592,0.990748,0.985997,0.978209,0.977668,0.972988,0.975067,0.971802,0.976934,0.971154,0.977721,0.983331,0.975641
0.982419,0.981340,0.984842,0.981216,0.975559,0.979768,0.990748,0.983096,0.974148,0.976331,0.972801,0.978807,0.971393,0.972863,0.968052,0.977316,0.979369,0.976022
0.980925,0.979553,0.981275,0.983153,0.977751,0.979436,0.988933,0.981708,0.975832,0.977858,0.972613,0.977145,0.969759,0.970149,0.970689,0.974885,0.982648,0.975261
0.980222,0.981237,0.980383,0.980054,0.976874,0.977861,0.981314,0.982591,0.978110,0.977477,0.974301,0.976314,0.968533,0.972863,0.970533,0.976100,0.981555,0.976935
0.978815,0.979863,0.981721,0.980248,0.975449,0.976617,0.979681,0.980825,0.974445,0.979576,0.975052,0.990235,0.974254,0.969471,0.972239,0.977046,0.979369,0.975641
0.999209,0.985052,0.997325,0.982184,0.976984,0.978607,0.982584,0.981330,0.974742,0.988738,0.992684,1.00291,0.983653,0.974898,0.973015,0.977046,0.981145,0.975870
1.05063,1.00718,1.04681,1.00523,0.981039,0.992206,1.00363,0.985745,0.977021,0.987784,0.986494,0.996676,0.983653,0.978290,0.975031,0.984337,0.987703,0.985233
1.06461,1.02289,1.07579,1.03234,0.990794,1.01426,1.02250,0.989151,0.981874,0.989502,0.982555,0.986703,0.978341,0.982361,0.975031,0.992439,0.998360,0.994519
1.06118,1.02670,1.08203,1.04609,0.991780,1.02123,1.03429,0.992179,0.983558,0.987020,0.977865,0.979846,0.975889,0.970828,0.973790,0.994194,1.00137,0.999315
1.05600,1.02216,1.08114,1.04454,0.992438,1.02388,1.03247,0.992431,0.983756,0.983394,0.976928,0.976937,0.982019,0.975577,0.972860,0.995004,0.997814,0.995585
1.05028,1.01773,1.06152,1.03892,0.991451,1.02123,1.02286,0.991800,0.983657,0.981294,0.976365,0.977353,0.973846,0.980326,0.975031,0.993114,0.997951,0.991018
1.03376,1.00821,1.04325,1.02576,0.990246,1.01086,1.01216,0.988142,0.979992,0.977095,0.975427,0.977145,0.974254,0.975577,0.973170,0.990818,0.995491,0.989648
1.01468,0.999244,1.02720,1.01143,0.984656,1.00008,1.00853,0.987385,0.978110,0.976904,0.974864,0.973405,0.971802,0.972185,0.970223,0.985417,0.989343,0.986146
1.00035,0.994536,1.01337,0.999613,0.981587,0.991625,1.00181,0.983096,0.977219,0.973850,0.975427,0.975275,0.969759,0.974898,0.970223,0.982582,0.986610,0.982568
0.992352,0.989622,1.00535,0.993029,0.978957,0.987728,0.996009,0.984231,0.976030,0.977668,0.973926,0.972159,0.971802,0.974220,0.970999,0.979611,0.982785,0.981350
0.987518,0.983849,0.996879,0.989349,0.978628,0.980597,0.991110,0.980573,0.974148,0.973087,0.973176,0.972159,0.968533,0.972863,0.969138,0.979071,0.980325,0.977697
0.983474,0.980069,0.991083,0.983540,0.973257,0.977944,0.988389,0.976536,0.973851,0.974041,0.970174,0.970081,0.970576,0.968792,0.967432,0.976641,0.978686,0.977240
0.982947,0.979381,0.986625,0.981797,0.975340,0.979187,0.988389,0.979816,0.974346,0.973850,0.971112,0.969665,0.970985,0.969471,0.968207,0.977451,0.977319,0.977773
0.984353,0.981031,0.987071,0.983540,0.976326,0.977197,0.984035,0.980447,0.973752,0.975759,0.973739,0.973613,0.968942,0.968114,0.964950,0.977586,0.980325,0.976783
0.979606,0.979175,0.983058,0.982378,0.973915,0.976036,0.986212,0.978302,0.973158,0.973277,0.971675,0.970704,0.968124,0.967436,0.966967,0.973535,0.978139,0.976098
0.980046,0.977045,0.982613,0.981022,0.972929,0.976451,0.982946,0.977671,0.973158,0.972323,0.970550,0.970912,0.970168,0.968792,0.966811,0.973670,0.975680,0.973814
0.979606,0.977320,0.978600,0.977924,0.974134,0.975373,0.978774,0.977924,0.972464,0.974232,0.969049,0.971535,0.968124,0.965400,0.967742,0.974615,0.976636,0.974271
0.979606,0.979003,0.980383,0.979280,0.974353,0.972554,0.981858,0.977419,0.974148,0.975759,0.969612,0.971120,0.966898,0.968792,0.966191,0.975695,0.975406,0.973586
0.976266,0.976461,0.976817,0.977730,0.972600,0.974544,0.986031,0.977041,0.970879,0.972132,0.968674,0.970081,0.966081,0.966079,0.962314,0.972590,0.971581,0.973053
0.977145,0.976117,0.979492,0.976375,0.973367,0.974129,0.981314,0.975148,0.971177,0.969078,0.966986,0.969873,0.970576,0.968114,0.964485,0.972455,0.974040,0.970313
0.977145,0.977388,0.979937,0.977730,0.973805,0.973963,0.979862,0.976662,0.970979,0.973468,0.969049,0.970704,0.968124,0.966757,0.963555,0.974210,0.975133,0.971455
0.976178,0.977491,0.977263,0.975794,0.973805,0.973549,0.983491,0.974013,0.970285,0.973850,0.969424,0.970912,0.968942,0.963365,0.964795,0.975830,0.973220,0.972977
0.975299,0.974055,0.975033,0.974438,0.970737,0.972056,0.981858,0.974013,0.968007,0.971560,0.969987,0.967795,0.962812,0.963365,0.962004,0.970429,0.969805,0.969323
0.974596,0.975120,0.976371,0.973857,0.971394,0.970978,0.975508,0.974265,0.971969,0.972323,0.967173,0.972159,0.965672,0.966079,0.964020,0.969754,0.972674,0.971683
0.972925,0.975120,0.977263,0.973277,0.972490,0.971476,0.975327,0.972878,0.971276,0.973087,0.968674,0.974029,0.966490,0.966079,0.966191,0.973535,0.972537,0.970922
0.973101,0.973299,0.980383,0.975407,0.972819,0.970564,0.976778,0.973634,0.969592,0.973659,0.969236,0.973821,0.965672,0.963365,0.968517,0.971375,0.975133,0.971683
0.976793,0.976735,0.983950,0.978699,0.973696,0.973881,0.980769,0.976410,0.971672,0.972323,0.968299,0.977353,0.968124,0.968792,0.963555,0.971240,0.976363,0.973738
0.986551,0.981375,0.991975,0.982959,0.976984,0.977446,0.985123,0.978807,0.972960,0.975377,0.970174,0.976937,0.970985,0.964722,0.966656,0.974615,0.984561,0.976174
0.992704,0.983746,0.992421,0.983153,0.978189,0.978275,0.985668,0.977671,0.974346,0.974995,0.969424,0.978184,0.970576,0.969471,0.964795,0.976776,0.982921,0.978458
0.995956,0.981375,0.991529,0.982572,0.974682,0.976948,0.985305,0.976031,0.969691,0.972705,0.970362,0.976937,0.968942,0.971506,0.966346,0.974210,0.981555,0.974271
0.994022,0.981821,0.991529,0.978892,0.975888,0.976617,0.983853,0.977041,0.971078,0.975950,0.969987,0.973198,0.968942,0.966079,0.966967,0.974075,0.979505,0.977468
0.991210,0.981100,0.988408,0.979861,0.976655,0.976285,0.982402,0.974391,0.972167,0.977477,0.972613,0.976106,0.970576,0.974220,0.967122,0.975425,0.977866,0.974043
0.984705,0.979759,0.984396,0.975794,0.974463,0.974876,0.984942,0.975401,0.969988,0.974423,0.969987,0.970912,0.967716,0.968792,0.969293,0.975155,0.973357,0.972673
0.980134,0.976461,0.979937,0.975794,0.971833,0.973881,0.984579,0.976788,0.970879,0.972323,0.969424,0.968211,0.963629,0.966079,0.966967,0.972050,0.973084,0.972749
0.976530,0.976598,0.981721,0.973083,0.972490,0.972305,0.980588,0.975275,0.970087,0.972132,0.969612,0.970912,0.966081,0.968114,0.966346,0.973265,0.973494,0.971759
0.973717,0.975120,0.975479,0.973470,0.970627,0.970398,0.976778,0.972247,0.969196,0.973087,0.967923,0.968834,0.967716,0.971506,0.964175,0.972455,0.972264,0.971911
0.972398,0.972852,0.975479,0.971340,0.968764,0.969652,0.980406,0.971742,0.966521,0.970223,0.965297,0.968211,0.960768,0.963365,0.962779,0.969619,0.970761,0.969171
0.971783,0.972096,0.973250,0.973470,0.968106,0.967993,0.979499,0.969598,0.967413,0.973277,0.966048,0.966964,0.964855,0.958616,0.961228,0.970024,0.969258,0.968867
0.973541,0.972440,0.971913,0.971727,0.970079,0.969071,0.975145,0.972878,0.967710,0.971941,0.964922,0.971951,0.965264,0.966757,0.961849,0.970429,0.972401,0.970008
0.970904,0.970378,0.976817,0.972696,0.969312,0.968823,0.976415,0.970733,0.965630,0.968887,0.968111,0.968627,0.962812,0.963365,0.963399,0.969484,0.969122,0.969476
0.971519,0.971581,0.974142,0.969404,0.968106,0.966998,0.978411,0.968462,0.965333,0.968315,0.967736,0.967795,0.960360,0.959973,0.959833,0.967054,0.966935,0.966431
0.970816,0.970722,0.970575,0.968048,0.967010,0.969652,0.976415,0.970733,0.965036,0.967742,0.964735,0.966757,0.961586,0.964043,0.962624,0.967999,0.968438,0.967192
0.970640,0.972268,0.970575,0.969597,0.969860,0.969569,0.974238,0.969598,0.966521,0.970223,0.966048,0.967172,0.961994,0.966079,0.962004,0.967999,0.970488,0.968029
0.969761,0.969897,0.967454,0.971340,0.967777,0.965837,0.975145,0.968462,0.964838,0.968124,0.965672,0.965926,0.959134,0.964722,0.961073,0.966109,0.969122,0.967877
0.969321,0.968832,0.967900,0.969984,0.967339,0.967330,0.974057,0.968084,0.966026,0.966788,0.966235,0.965510,0.962403,0.961330,0.962469,0.966784,0.968848,0.965974
