Det0.000000,Det0.000000,Det0.000000,Det0.000000,Det0.000000,Det0.000000,Det0.000000,Det0.000000,Det0.000000,Det0.000000,Det0.000000,Det0.000000,Det0.000000,Det0.000000,Det0.000000,Det0.000000,Det0.000000,Det0.000000
1.00169,1.00469,1.00194,1.00380,1.00606,1.00445,1.00648,1.00631,1.00399,1.00377,1.00560,1.00558,1.00440,1.00433,1.00634,1.00486,1.00289,1.00595
1.00025,1.00357,1.00088,1.00256,1.00484,1.00442,1.00558,1.00546,1.00399,1.00636,1.00316,1.00613,1.00346,1.00484,1.00426,1.00524,1.00295,1.00485
0.998129,1.00144,0.998942,1.00124,1.00122,1.00376,1.00711,1.00520,1.00280,1.00392,1.00172,1.00319,1.00314,1.00076,1.00305,1.00308,1.00109,1.00285
0.998941,1.00275,0.999647,1.00357,1.00384,1.00387,1.00378,1.00445,1.00319,1.00392,1.00374,1.00414,1.00220,1.00637,1.00484,1.00421,1.00027,1.00279
0.999259,1.00198,0.999471,1.00411,1.00358,1.00376,1.00297,1.00520,1.00207,1.00296,1.00352,1.00359,1.00236,1.00535,1.00415,1.00481,1.00016,1.00405
0.999965,1.00172,1.00123,1.00093,1.00192,1.00128,1.00378,1.00141,1.00058,1.00192,1.00187,1.00327,1.00016,1.00382,1.00167,1.00200,0.999346,1.00298
0.998835,0.999796,1.00035,1.00054,0.999084,0.999275,1.00315,1.00086,1.00115,0.999778,1.00093,1.00072,1.00094,0.997452,0.999539,0.998920,1.00109,1.00153
1.00346,1.00049,1.00405,1.00070,1.00074,1.00142,1.00279,1.00101,1.00161,1.00044,1.00022,0.999124,1.00141,1.00076,1.00138,1.00119,1.00316,1.00043
1.00272,1.00146,1.00106,1.00147,1.00100,0.999931,0.997031,1.00071,1.00134,1.00118,1.00022,1.00159,1.00236,1.00331,1.00075,1.00081,1.00207,1.00061
1.00162,1.00072,1.00353,1.00078,1.00087,1.00138,0.997751,1.00061,0.999616,1.00148,1.00180,1.00167,0.999528,0.997962,1.00115,1.00146,1.00278,1.00052
1.00056,1.00037,1.00176,1.00109,0.999782,1.00021,1.00225,0.999141,0.999578,0.999556,1.00144,1.00175,0.999843,1.00076,1.00058,1.00146,1.00060,1.00031
1.00177,1.00074,1.00123,1.00039,1.00100,0.999827,1.00198,1.00081,1.00019,1.00148,0.999713,0.998486,0.999371,1.00204,1.00040,1.00124,0.999782,1.00160
1.00014,1.00110,1.00071,1.00031,1.00174,1.00155,1.00198,1.00086,1.00234,0.998224,1.00050,0.997769,0.998743,1.00000,0.997580,1.00162,0.998473,1.00107
0.999329,1.00030,1.00018,1.00109,1.00009,0.999482,1.00333,0.998636,1.00031,1.00000,0.999497,0.999522,0.999371,0.999236,0.999020,1.00011,0.997109,1.00117
0.997670,0.998774,0.999295,1.00062,0.998954,1.00000,1.00216,0.998788,0.998042,0.998890,0.998420,0.996973,0.998271,0.997452,0.998675,0.999460,0.996564,1.00064
0.996364,0.999005,0.998237,0.996664,0.998212,0.998619,1.00054,0.999242,0.997581,0.998668,0.998420,0.999124,0.999528,0.998471,0.999251,0.998110,0.995200,0.999018
0.995270,0.997316,1.00000,0.997362,0.997035,0.994925,0.999010,0.998131,0.996582,0.998446,0.997917,0.997530,0.997328,0.997198,1.00006,0.997408,0.994764,0.998680
0.993716,0.996240,0.996298,0.995966,0.996294,0.995304,1.00108,0.997373,0.994739,0.996375,0.998276,0.996415,0.997485,0.994904,0.995966,0.996328,0.993018,0.998895
0.992552,0.995463,0.993830,0.994725,0.994593,0.995753,1.00189,0.996262,0.995200,0.999186,0.996336,0.996096,0.997957,0.993631,0.995793,0.996004,0.991709,0.996931
0.991634,0.995790,0.995241,0.993561,0.996643,0.995857,1.00144,0.995302,0.994931,0.996079,0.997629,0.996495,0.998743,0.991847,0.995390,0.995410,0.992037,0.996931
0.992340,0.995654,0.995417,0.994337,0.994811,0.995408,0.999730,0.998434,0.994163,0.997928,0.998563,0.998646,0.995913,0.991592,0.996024,0.996166,0.993182,0.997668
0.990963,0.993365,0.991186,0.994182,0.993765,0.993198,1.00144,0.996060,0.994010,0.995487,0.995115,0.996495,0.997013,0.990573,0.994929,0.996382,0.991055,0.995888
0.992163,0.992793,0.992244,0.992243,0.994768,0.994027,0.997571,0.994848,0.994317,0.995783,0.995259,0.995300,0.995284,0.991847,0.996024,0.995680,0.990891,0.994906
0.990645,0.993052,0.993302,0.992863,0.994811,0.992715,0.994512,0.995151,0.992858,0.994673,0.995259,0.996495,0.994656,0.998217,0.995851,0.994384,0.991219,0.995274
0.991669,0.993678,0.989600,0.994647,0.996119,0.991921,0.992803,0.993787,0.993510,0.994155,0.995331,0.996654,0.992298,0.998981,0.994238,0.992277,0.992091,0.995152
0.989657,0.992588,0.992420,0.993949,0.992239,0.992887,0.994782,0.993939,0.991091,0.993933,0.994612,0.994662,0.991041,0.995924,0.994238,0.993573,0.990837,0.994293
0.989798,0.992261,0.990305,0.994104,0.991367,0.991575,0.994152,0.993080,0.989901,0.994155,0.993319,0.995379,0.993084,0.995159,0.993085,0.992493,0.989528,0.993802
0.989586,0.991771,0.991892,0.991389,0.992065,0.990160,0.992443,0.992726,0.991552,0.994599,0.993391,0.995140,0.993713,0.993376,0.992970,0.994113,0.990564,0.993832
0.988951,0.992398,0.992244,0.991932,0.993939,0.990264,0.990193,0.993585,0.991590,0.992897,0.992960,0.995220,0.995442,0.992357,0.991299,0.995086,0.990673,0.993219
0.988598,0.991717,0.991010,0.992786,0.991454,0.989090,0.991273,0.992676,0.989363,0.992083,0.993032,0.996176,0.993398,0.993885,0.992278,0.993843,0.990837,0.994139
0.987963,0.989918,0.991010,0.992165,0.991018,0.989124,0.991633,0.990352,0.989056,0.990974,0.992241,0.992432,0.992141,0.992866,0.990607,0.990927,0.990782,0.993710
0.988704,0.989264,0.992244,0.989915,0.990059,0.987639,0.991453,0.988584,0.988096,0.990234,0.989799,0.991635,0.989154,0.989045,0.988130,0.989685,0.990237,0.990825
0.990151,0.989836,0.993478,0.993018,0.988969,0.988986,0.992712,0.988231,0.989363,0.990604,0.990661,0.992910,0.989783,0.989045,0.990031,0.990765,0.991928,0.991776
0.990539,0.989264,0.991892,0.992165,0.987530,0.989055,0.994242,0.987927,0.989210,0.991862,0.990014,0.992910,0.989312,0.989299,0.988130,0.989793,0.992964,0.992237
0.990857,0.989823,0.993302,0.992708,0.989361,0.988779,0.998201,0.988736,0.989171,0.992231,0.989655,0.991555,0.990726,0.985733,0.988475,0.991305,0.992473,0.992298
0.992163,0.990477,0.992773,0.992398,0.988969,0.990505,0.997481,0.989392,0.988749,0.990752,0.989368,0.991316,0.993084,0.988280,0.987726,0.991143,0.991055,0.992237
0.990716,0.991158,0.993125,0.992320,0.989056,0.988434,0.997121,0.989089,0.990285,0.989642,0.989440,0.992830,0.989940,0.985478,0.986228,0.991899,0.988710,0.992390
0.990434,0.990381,0.990658,0.992165,0.988097,0.988606,0.995412,0.988029,0.988173,0.991566,0.990014,0.991237,0.989154,0.985478,0.987726,0.991035,0.989582,0.991377
0.990151,0.989973,0.992773,0.990148,0.989492,0.988917,0.992623,0.988332,0.987597,0.990826,0.989368,0.990519,0.988054,0.986497,0.987496,0.990279,0.989473,0.991470
0.989728,0.989591,0.992244,0.989838,0.989710,0.988434,0.990913,0.987725,0.987290,0.990234,0.988218,0.990918,0.989312,0.990064,0.987899,0.991737,0.989473,0.991224
0.987998,0.989196,0.989776,0.989605,0.990015,0.988399,0.990283,0.987725,0.988211,0.990012,0.988075,0.990599,0.988211,0.987516,0.987438,0.990981,0.988928,0.990580
0.986374,0.988065,0.988719,0.987743,0.989318,0.986258,0.991903,0.988281,0.987059,0.989716,0.987500,0.990679,0.986797,0.986242,0.986631,0.990711,0.986637,0.990211
0.986868,0.987452,0.988542,0.988054,0.988053,0.986569,0.991093,0.988079,0.986253,0.988458,0.987284,0.990599,0.986325,0.985478,0.986862,0.989523,0.985873,0.990058
0.985244,0.986349,0.986427,0.985649,0.987574,0.985154,0.990104,0.987069,0.984717,0.987718,0.988793,0.990838,0.987425,0.985987,0.985709,0.989037,0.985928,0.989322
0.984185,0.986948,0.986956,0.986580,0.987835,0.985361,0.988934,0.987473,0.985600,0.987718,0.988075,0.991237,0.987740,0.987006,0.985594,0.988011,0.985819,0.989475
0.984291,0.985899,0.986956,0.986114,0.986004,0.985223,0.991363,0.986109,0.984064,0.989420,0.988721,0.990280,0.989626,0.986497,0.984499,0.987957,0.985055,0.988002
0.983268,0.985204,0.984135,0.983477,0.985088,0.983945,0.991363,0.985149,0.983911,0.986535,0.986422,0.989085,0.986639,0.983694,0.983693,0.988011,0.984073,0.988186
0.983938,0.984877,0.986427,0.984640,0.984783,0.984912,0.990823,0.984644,0.982759,0.987126,0.987213,0.988368,0.983967,0.983694,0.984614,0.987633,0.983310,0.988125
0.982032,0.983814,0.984488,0.985106,0.982385,0.983565,0.990823,0.984341,0.981914,0.987200,0.986710,0.988607,0.985225,0.980892,0.983404,0.985419,0.983310,0.986683
0.982632,0.984645,0.985722,0.984563,0.984521,0.983600,0.994332,0.984998,0.981299,0.985499,0.986063,0.986536,0.985382,0.982675,0.983577,0.984015,0.984728,0.987204
0.982420,0.984250,0.985017,0.985959,0.983780,0.982391,0.992982,0.986160,0.980992,0.986682,0.985417,0.986934,0.986011,0.981147,0.981791,0.984609,0.982655,0.985946
0.981220,0.982697,0.984840,0.983710,0.981949,0.981943,0.994062,0.983078,0.981261,0.986387,0.986135,0.987890,0.985068,0.978599,0.982367,0.984987,0.982546,0.985946
0.981149,0.982820,0.982725,0.984330,0.982603,0.981943,0.993522,0.983078,0.980263,0.986682,0.985991,0.986456,0.984282,0.981401,0.981330,0.983637,0.983255,0.986406
0.982279,0.983229,0.984488,0.983011,0.983257,0.982909,0.989564,0.981765,0.980455,0.985869,0.985704,0.987731,0.986797,0.984204,0.982252,0.983799,0.983255,0.985854
0.982491,0.982888,0.983430,0.985028,0.982647,0.981632,0.986685,0.983028,0.980570,0.982909,0.983405,0.988368,0.984910,0.982420,0.981272,0.983421,0.983801,0.984872
0.981644,0.981294,0.985898,0.983244,0.983126,0.980665,0.981107,0.981260,0.978035,0.983131,0.982543,0.985580,0.983338,0.980382,0.981618,0.982395,0.983419,0.984412
0.982597,0.981008,0.985193,0.985339,0.982123,0.979318,0.983266,0.980351,0.979226,0.984315,0.984124,0.987333,0.982710,0.984459,0.979774,0.982017,0.984728,0.983737
0.982420,0.980517,0.986956,0.983554,0.980728,0.980631,0.984705,0.977471,0.979226,0.983205,0.984626,0.985580,0.981295,0.978599,0.979025,0.981422,0.985055,0.982755
0.982950,0.980804,0.987308,0.984097,0.980685,0.980285,0.984705,0.977724,0.979418,0.983353,0.982615,0.986138,0.983181,0.981656,0.980581,0.983907,0.986364,0.982970
0.983585,0.981362,0.990658,0.984563,0.982167,0.981597,0.983446,0.979795,0.979418,0.984759,0.984124,0.987970,0.982710,0.979618,0.980120,0.984825,0.985491,0.983123
0.986021,0.983065,0.988542,0.984640,0.981644,0.982046,0.987584,0.979845,0.981069,0.984833,0.984483,0.987811,0.980824,0.982675,0.980811,0.986661,0.986310,0.985087
0.985350,0.982329,0.986603,0.984718,0.981862,0.982150,0.990193,0.979391,0.980263,0.983871,0.982687,0.985899,0.980666,0.977580,0.979198,0.982341,0.984728,0.983829
0.983479,0.982166,0.989952,0.984640,0.980249,0.980147,0.986235,0.979643,0.978765,0.982761,0.984267,0.987014,0.981452,0.983694,0.977642,0.980936,0.981837,0.984197
0.983162,0.981989,0.986956,0.982779,0.981251,0.980700,0.987314,0.981209,0.978189,0.983353,0.981825,0.984146,0.982553,0.977325,0.977815,0.981531,0.982982,0.982908
0.982809,0.981035,0.986251,0.982624,0.980205,0.979526,0.989294,0.980098,0.977383,0.983353,0.981753,0.983987,0.980509,0.979618,0.976835,0.982287,0.982601,0.982632
0.979773,0.979618,0.983959,0.982313,0.980249,0.978559,0.991093,0.978835,0.977152,0.983131,0.981681,0.984544,0.980981,0.975796,0.976086,0.980612,0.980310,0.982325
0.979384,0.979918,0.983959,0.982081,0.978940,0.976694,0.991273,0.979391,0.975731,0.982465,0.980819,0.983509,0.978623,0.975796,0.976374,0.980126,0.979710,0.982387
0.979031,0.979741,0.984312,0.981615,0.979507,0.978386,0.987854,0.979189,0.975885,0.981207,0.981250,0.984943,0.980824,0.975796,0.976029,0.980990,0.978837,0.982878
0.977761,0.978910,0.983959,0.982934,0.978635,0.978352,0.987674,0.976714,0.975117,0.982613,0.982256,0.984783,0.980195,0.977834,0.975279,0.978722,0.979546,0.980883
0.976454,0.976512,0.980963,0.979753,0.977894,0.976798,0.984345,0.977118,0.974925,0.980690,0.980963,0.982871,0.979881,0.971720,0.974646,0.978236,0.978455,0.979318
0.975890,0.976021,0.981315,0.978978,0.975888,0.975141,0.982726,0.978179,0.973120,0.979802,0.980101,0.984226,0.977680,0.974777,0.976835,0.976616,0.977801,0.979318
0.976207,0.977697,0.980081,0.977038,0.978025,0.975279,0.980657,0.977774,0.973965,0.981799,0.981106,0.984943,0.980195,0.976815,0.977123,0.979478,0.978564,0.980638
0.975748,0.977438,0.982549,0.979986,0.977502,0.974968,0.981646,0.975501,0.973428,0.979802,0.979095,0.981995,0.977366,0.976561,0.975452,0.979100,0.980364,0.980147
0.974795,0.976348,0.981315,0.976961,0.976281,0.973311,0.981377,0.974188,0.972314,0.978544,0.978161,0.981119,0.976108,0.975542,0.975279,0.976832,0.977746,0.978121
0.975395,0.976430,0.981139,0.976107,0.976586,0.974105,0.981377,0.976411,0.974195,0.979284,0.979023,0.982632,0.976265,0.976306,0.974991,0.978614,0.978128,0.978213
0.976066,0.976267,0.983607,0.977193,0.977938,0.974795,0.979487,0.976815,0.973543,0.979580,0.978951,0.983349,0.979095,0.976561,0.975337,0.978560,0.979819,0.977692
0.974513,0.976335,0.979552,0.977426,0.976935,0.973794,0.982546,0.976057,0.972928,0.979580,0.977874,0.981437,0.977208,0.974777,0.974358,0.978560,0.979164,0.978091
0.973560,0.975477,0.976379,0.976650,0.974275,0.972758,0.981287,0.976815,0.972468,0.977878,0.978233,0.982075,0.977366,0.975542,0.972859,0.976832,0.976765,0.977845
0.974372,0.976580,0.980081,0.975564,0.976194,0.972793,0.978408,0.976310,0.973351,0.978766,0.976796,0.983270,0.978309,0.976561,0.973032,0.977642,0.976655,0.977232
0.974125,0.976158,0.981491,0.977659,0.976281,0.974001,0.977868,0.975602,0.972160,0.979136,0.976796,0.982473,0.977837,0.977834,0.974876,0.977534,0.977528,0.978336
0.974054,0.974700,0.978671,0.975487,0.972270,0.972448,0.977148,0.973834,0.971124,0.975511,0.974282,0.977374,0.974693,0.972994,0.971188,0.974996,0.973492,0.976925
0.975748,0.972697,0.981491,0.975099,0.972008,0.972068,0.980297,0.971864,0.969242,0.975511,0.973779,0.979924,0.972650,0.971465,0.970381,0.972620,0.975455,0.974378
0.975713,0.972738,0.980786,0.975797,0.971528,0.972171,0.979217,0.971056,0.970279,0.976546,0.975718,0.981119,0.974065,0.969427,0.970151,0.974456,0.977964,0.975298
0.975219,0.973297,0.982196,0.976573,0.973621,0.972102,0.979037,0.971359,0.970816,0.977064,0.974282,0.981836,0.976108,0.975287,0.971419,0.975590,0.979383,0.974715
0.975607,0.972220,0.981491,0.974944,0.972531,0.971481,0.977778,0.969339,0.969818,0.976694,0.974497,0.981517,0.972493,0.970191,0.969517,0.975050,0.976001,0.974071
0.976278,0.973501,0.983607,0.975409,0.972488,0.971515,0.978498,0.972269,0.969204,0.975289,0.973707,0.978729,0.974065,0.973758,0.968826,0.975320,0.975837,0.973979
0.977019,0.974032,0.980081,0.977581,0.974057,0.972033,0.976068,0.972521,0.970970,0.975511,0.974784,0.979446,0.974379,0.971210,0.969459,0.976454,0.976601,0.975728
0.975819,0.974223,0.981844,0.977349,0.974755,0.972931,0.977058,0.972824,0.970701,0.973957,0.973922,0.979764,0.971550,0.971720,0.970324,0.976886,0.976383,0.976250
0.974725,0.973814,0.982373,0.975021,0.974057,0.970618,0.978947,0.972572,0.969818,0.973883,0.975000,0.979207,0.971864,0.969936,0.969575,0.973268,0.975128,0.976250
0.974725,0.972520,0.978847,0.975564,0.973054,0.969444,0.977778,0.971713,0.969818,0.973661,0.974713,0.978649,0.971393,0.970191,0.970093,0.973646,0.973819,0.974869
0.974054,0.973937,0.979376,0.975875,0.973360,0.971136,0.975888,0.972824,0.969741,0.975733,0.975000,0.979764,0.972336,0.973503,0.970785,0.973970,0.975019,0.975176
0.973383,0.972588,0.979729,0.975642,0.974232,0.970963,0.976158,0.970501,0.968973,0.974771,0.975000,0.978808,0.970607,0.971720,0.971592,0.973808,0.974310,0.975114
0.972324,0.971171,0.977966,0.972849,0.972749,0.969927,0.977418,0.971208,0.968205,0.974623,0.974713,0.977852,0.971393,0.968408,0.969863,0.972512,0.972946,0.973918
0.970948,0.970953,0.976908,0.973315,0.971485,0.968719,0.974899,0.970955,0.966976,0.975659,0.974425,0.978330,0.970450,0.967389,0.969517,0.972404,0.971474,0.974163
0.971406,0.970654,0.976203,0.972849,0.972706,0.968995,0.974269,0.971612,0.967591,0.973809,0.974138,0.978808,0.972964,0.970955,0.970266,0.972836,0.972074,0.972844
0.970595,0.969591,0.976732,0.970367,0.969087,0.966543,0.976968,0.968228,0.965863,0.974327,0.973420,0.976498,0.969664,0.968663,0.968249,0.971324,0.970492,0.971862
0.969288,0.968446,0.974264,0.971220,0.968389,0.966751,0.978048,0.966662,0.966208,0.972995,0.972701,0.977374,0.970292,0.968917,0.966924,0.970190,0.970874,0.971678
0.969889,0.968814,0.973030,0.970988,0.968171,0.965439,0.977598,0.968783,0.965632,0.973217,0.971552,0.978410,0.970450,0.967389,0.966002,0.971108,0.970492,0.971923
0.969747,0.968991,0.972678,0.972461,0.970438,0.966371,0.973819,0.968126,0.967015,0.974253,0.971983,0.978330,0.972021,0.972484,0.967270,0.971108,0.970601,0.972261
0.969818,0.968433,0.971796,0.969902,0.969523,0.966060,0.974629,0.967823,0.964557,0.972477,0.971264,0.976259,0.973436,0.966624,0.966521,0.969487,0.970492,0.971217
0.968476,0.968419,0.972149,0.970212,0.966994,0.966992,0.974269,0.967571,0.964096,0.971441,0.971336,0.975781,0.971393,0.965605,0.965772,0.968407,0.970328,0.970419
0.969571,0.968583,0.972325,0.972151,0.969305,0.966578,0.971750,0.968430,0.964135,0.972329,0.971839,0.977852,0.970292,0.969682,0.965944,0.970622,0.971856,0.969652
0.969253,0.968923,0.975498,0.972772,0.969523,0.966095,0.970490,0.969389,0.964864,0.972773,0.971049,0.976259,0.971078,0.969936,0.968422,0.971972,0.970383,0.970788
0.968371,0.967765,0.972678,0.972151,0.969217,0.965093,0.969411,0.968076,0.963828,0.972773,0.972055,0.976657,0.968720,0.967643,0.967673,0.970622,0.969347,0.970266
0.980020,0.969155,0.977613,0.975332,0.968781,0.967476,0.970670,0.969086,0.964404,0.971219,0.971624,0.977693,0.971393,0.971465,0.966694,0.970136,0.972783,0.971309
1.07689,0.993120,1.02873,1.02700,0.971746,0.991852,0.985785,0.966561,0.963290,0.986313,0.994253,0.996176,0.981452,0.993885,0.965772,0.975806,0.978292,0.978827
1.06171,1.01846,1.08426,1.05446,0.987007,1.02058,1.01700,0.969945,0.964941,0.998446,1.01451,1.01745,1.00472,1.00892,0.974242,0.983853,0.979819,0.989383
1.03438,1.01297,1.09431,1.05166,0.997645,1.02672,1.02501,0.984796,0.974810,0.998816,1.00409,1.01649,1.00880,0.996433,0.986286,0.991413,0.987673,0.992022
1.03265,1.00567,1.09713,1.04546,1.00336,1.02503,1.02438,0.999848,0.979840,0.994081,0.997342,1.00470,1.00204,0.990064,0.983981,0.997840,1.00556,0.991930
1.03403,1.00323,1.09448,1.04352,1.00964,1.02189,1.02330,1.01172,0.984717,0.985277,0.992744,0.986058,0.985068,0.989045,0.972859,0.999892,1.01494,0.991040
1.03396,1.00384,1.09025,1.03956,1.00955,1.01944,1.02501,1.01500,0.986714,0.978988,0.978089,0.977693,0.973908,0.980637,0.963928,0.999460,1.01664,0.991654
1.03188,1.00166,1.08144,1.03421,1.00523,1.01785,1.02672,1.01495,0.986983,0.973735,0.969612,0.973391,0.969035,0.969682,0.960989,0.995194,1.01565,0.990672
1.02916,0.996826,1.07033,1.02653,0.997035,1.01060,1.02123,1.00864,0.982067,0.972551,0.965733,0.971240,0.966048,0.965350,0.961738,0.989037,1.00769,0.987603
1.02584,0.990204,1.05077,1.01738,0.990059,0.997652,1.01017,0.997828,0.976115,0.971071,0.966667,0.975143,0.967620,0.966115,0.960240,0.983907,0.997000,0.985547
1.02062,0.982874,1.02803,1.00434,0.982559,0.983807,1.00189,0.985907,0.969549,0.970479,0.966308,0.972753,0.965577,0.966115,0.959606,0.979424,0.985819,0.979564
1.01027,0.978923,1.00952,0.993018,0.977414,0.976556,0.993432,0.979037,0.967092,0.969518,0.965302,0.972435,0.965891,0.964076,0.960989,0.977750,0.980037,0.976649
0.999365,0.976962,1.00123,0.985726,0.976368,0.973104,0.985695,0.974390,0.966016,0.969962,0.966954,0.972753,0.966363,0.967134,0.960874,0.973700,0.977637,0.975237
0.989939,0.976757,0.999824,0.982856,0.975234,0.971101,0.982006,0.974845,0.967245,0.970849,0.968463,0.975064,0.967149,0.969172,0.963179,0.973322,0.975565,0.973549
0.982385,0.974196,0.993125,0.981072,0.973403,0.968408,0.977328,0.971460,0.964327,0.969888,0.964655,0.974586,0.965734,0.966370,0.964389,0.972512,0.973437,0.972199
0.977584,0.973242,0.989600,0.978590,0.971659,0.966233,0.975079,0.968278,0.963175,0.968186,0.966739,0.974904,0.965577,0.965096,0.962141,0.970676,0.972183,0.971187
0.975643,0.972493,0.986779,0.977038,0.972226,0.965473,0.973279,0.967015,0.962560,0.969518,0.966739,0.974586,0.964634,0.968663,0.960989,0.969974,0.972837,0.970972
0.973736,0.971076,0.986956,0.975797,0.971310,0.965232,0.970670,0.967318,0.962522,0.966854,0.965661,0.975462,0.965262,0.964586,0.961162,0.969703,0.971965,0.969192
0.972289,0.970422,0.984488,0.974556,0.970133,0.964161,0.970040,0.965550,0.962445,0.968852,0.966164,0.976020,0.965420,0.965605,0.961450,0.970352,0.971310,0.968701
0.971865,0.970272,0.983430,0.972384,0.968171,0.963194,0.970670,0.964490,0.962522,0.968704,0.965230,0.973152,0.963533,0.967898,0.961162,0.969811,0.971147,0.968609
0.971265,0.970245,0.986074,0.973547,0.969305,0.963333,0.971120,0.966055,0.961447,0.967668,0.965230,0.973869,0.963848,0.963057,0.962314,0.968569,0.971747,0.968854
0.970347,0.970109,0.984488,0.972694,0.968258,0.964127,0.968871,0.964944,0.962330,0.967964,0.966882,0.970841,0.967463,0.965860,0.960413,0.968948,0.970001,0.968364
0.968476,0.969346,0.980963,0.970522,0.966165,0.964023,0.973009,0.963934,0.960756,0.967668,0.965661,0.971797,0.965262,0.962803,0.960470,0.968839,0.968747,0.967811
0.969430,0.969495,0.980434,0.970057,0.966034,0.962262,0.970220,0.961913,0.961024,0.963895,0.965014,0.972435,0.964477,0.963312,0.960413,0.967219,0.968910,0.967535
0.971230,0.970572,0.980963,0.974168,0.969392,0.963264,0.966892,0.963883,0.962560,0.966928,0.964080,0.973789,0.966834,0.965605,0.960124,0.969163,0.970274,0.967198
0.973842,0.971634,0.985369,0.970988,0.966558,0.961330,0.964103,0.962014,0.959412,0.979728,0.976149,0.992033,0.975637,0.975796,0.960297,0.967867,0.968419,0.967596
1.03248,0.988951,1.02186,0.989915,0.965555,0.976246,0.980747,0.958782,0.955879,0.993711,1.00029,1.01091,0.998585,0.992866,0.967616,0.967975,0.969619,0.969499
1.04483,1.00699,1.06293,1.02226,0.979202,1.00508,1.00108,0.967217,0.960180,0.992305,1.00144,1.01179,1.00236,0.992612,0.979774,0.977264,0.972456,0.976280
1.03509,1.00890,1.07791,1.03405,0.991541,1.01381,1.00684,0.985604,0.968781,0.992305,0.994828,1.01004,0.998743,0.992357,0.981215,0.984879,0.990946,0.982571
1.03509,1.00563,1.08637,1.03716,1.00017,1.01412,1.01215,1.00116,0.977575,0.984759,0.991954,0.994264,0.989469,0.990573,0.977239,0.988335,1.00813,0.984872
1.03495,1.00309,1.08690,1.03654,1.00445,1.01378,1.01287,1.01339,0.981760,0.977508,0.980316,0.982075,0.977523,0.980127,0.966636,0.988443,1.01849,0.985179
1.03456,1.00174,1.08708,1.03374,1.00645,1.01409,1.01413,1.02243,0.982567,0.971663,0.969684,0.973709,0.966677,0.974268,0.960643,0.988227,1.02384,0.986406
1.03294,0.999973,1.08003,1.03072,1.00358,1.01174,1.01053,1.02495,0.984794,0.970405,0.965661,0.969567,0.961490,0.966115,0.959030,0.986337,1.02329,0.985946
1.02955,0.996676,1.06646,1.02591,0.994811,1.00694,1.00954,1.01955,0.978035,0.966484,0.961566,0.967097,0.962590,0.963567,0.956667,0.983097,1.01636,0.982694
1.02429,0.990558,1.04495,1.02025,0.984478,1.00173,1.00810,1.00889,0.971008,0.964783,0.960776,0.970363,0.959918,0.961784,0.955687,0.979046,1.00311,0.979594
1.01560,0.983011,1.02327,1.00962,0.978723,0.991610,1.00360,0.993787,0.963981,0.964413,0.962141,0.969168,0.962119,0.962803,0.955687,0.975050,0.990400,0.974224
1.00547,0.979768,1.01111,1.00124,0.975714,0.983289,0.997211,0.983987,0.962330,0.966410,0.962428,0.969726,0.963376,0.964586,0.957186,0.972782,0.982655,0.972107
0.994246,0.975967,1.00194,0.990536,0.971397,0.974105,0.990823,0.976006,0.959450,0.965300,0.960704,0.969646,0.959132,0.962803,0.954996,0.971270,0.976437,0.970910
0.985315,0.973106,0.995064,0.984873,0.968563,0.966992,0.984166,0.971965,0.957991,0.964117,0.960848,0.970045,0.961647,0.957962,0.954765,0.969866,0.972619,0.968885
0.980443,0.972656,0.990129,0.978435,0.968040,0.965370,0.978678,0.967571,0.959028,0.964635,0.960201,0.970204,0.961962,0.962803,0.955515,0.967057,0.971419,0.967689
0.975395,0.972275,0.989424,0.976418,0.969043,0.964748,0.971300,0.965803,0.960180,0.966114,0.961494,0.973072,0.963691,0.964076,0.957416,0.968515,0.972183,0.967167
0.973348,0.969673,0.987308,0.974090,0.966122,0.962504,0.971930,0.964439,0.959181,0.966262,0.960632,0.971080,0.962119,0.961784,0.955226,0.966841,0.969565,0.966553
0.971830,0.968092,0.983254,0.971143,0.964465,0.961606,0.969501,0.963378,0.959220,0.963525,0.959555,0.970363,0.961647,0.956688,0.954247,0.966301,0.969837,0.965111
0.972254,0.967411,0.979200,0.970522,0.964814,0.960225,0.968241,0.963075,0.958721,0.963969,0.959770,0.970523,0.961019,0.956688,0.954535,0.965653,0.969510,0.963791
0.971406,0.968474,0.980434,0.970677,0.967255,0.960225,0.965632,0.962014,0.959565,0.964043,0.960560,0.971718,0.960075,0.963567,0.954938,0.966409,0.971037,0.965939
0.968688,0.966975,0.982373,0.970057,0.964072,0.960329,0.966802,0.962065,0.958721,0.962637,0.960704,0.969567,0.959918,0.961274,0.955111,0.964519,0.969892,0.965142
0.969041,0.966512,0.978495,0.967497,0.963593,0.960743,0.966262,0.961560,0.958721,0.962711,0.959698,0.969009,0.960547,0.956943,0.954938,0.963709,0.968910,0.964037
0.969641,0.968542,0.981139,0.969358,0.966253,0.960225,0.964103,0.961408,0.958682,0.963821,0.961279,0.971160,0.961333,0.959745,0.955745,0.964303,0.970874,0.964927
0.970100,0.968596,0.979552,0.970212,0.967430,0.961123,0.961583,0.962722,0.958989,0.963525,0.959842,0.971399,0.960547,0.966879,0.956033,0.965707,0.970110,0.964559
0.967629,0.966920,0.977790,0.969436,0.964290,0.959673,0.964013,0.959792,0.957952,0.963747,0.959555,0.969567,0.962433,0.960764,0.955918,0.962521,0.968092,0.963086
0.966288,0.965109,0.975851,0.966333,0.961587,0.957670,0.963473,0.959489,0.953229,0.973291,0.965014,0.982314,0.967306,0.963312,0.954189,0.960523,0.966183,0.962012
1.00724,0.977615,1.00194,0.972384,0.961020,0.961019,0.964462,0.955347,0.952193,0.986904,0.989943,1.00486,0.988211,0.990828,0.962257,0.961225,0.966347,0.962932
1.04381,0.999400,1.04354,1.01016,0.968563,0.994269,0.986145,0.959943,0.953383,0.988458,0.996193,1.00837,0.999057,0.992357,0.974991,0.969271,0.969837,0.971187
1.03576,1.00480,1.06240,1.02653,0.979071,1.00594,1.00234,0.973885,0.959181,0.986313,0.992313,1.00279,0.996385,0.984204,0.972744,0.976778,0.976601,0.976618
1.03216,1.00302,1.07562,1.02994,0.986789,1.00856,1.00756,0.991362,0.966477,0.979728,0.987644,0.988926,0.984439,0.977325,0.966290,0.981368,0.992528,0.978367
1.03385,1.00285,1.08302,1.03444,0.995989,1.00932,1.00702,1.00495,0.973735,0.975215,0.978305,0.976737,0.971550,0.974268,0.960758,0.983691,1.00491,0.981036
1.03389,1.00294,1.08391,1.03421,1.00109,1.01119,1.00792,1.01394,0.979725,0.968186,0.967385,0.970682,0.962276,0.967898,0.955399,0.987525,1.01522,0.983062
1.02933,0.998529,1.08056,1.02956,0.994724,1.00691,1.00918,1.01551,0.977498,0.964561,0.959339,0.966220,0.959289,0.957707,0.949522,0.983799,1.01544,0.981190
1.02640,0.993624,1.06434,1.02335,0.988489,1.00442,1.00729,1.01323,0.973658,0.961083,0.956250,0.962954,0.955831,0.955924,0.947735,0.978614,1.01140,0.978213
1.02323,0.990204,1.04407,1.02203,0.982080,1.00117,1.00756,1.00616,0.968896,0.961305,0.958261,0.965344,0.956775,0.958471,0.949695,0.977102,1.00387,0.976556
1.01218,0.983024,1.02292,1.01249,0.977502,0.996271,1.00054,0.994444,0.962906,0.962045,0.957040,0.967256,0.956932,0.958726,0.950847,0.974186,0.992146,0.973427
0.998694,0.976294,1.00917,1.00093,0.970264,0.985533,0.998920,0.982068,0.958529,0.960861,0.956250,0.965424,0.956775,0.956943,0.949579,0.970676,0.978728,0.970021
0.986268,0.971812,0.997003,0.988442,0.966994,0.973760,0.989384,0.972167,0.955533,0.960639,0.955460,0.966300,0.958189,0.955924,0.950617,0.967543,0.974092,0.966124
0.980408,0.972466,0.997885,0.983477,0.967779,0.967407,0.975349,0.969137,0.956685,0.961453,0.957543,0.969168,0.957246,0.961274,0.951827,0.965869,0.972128,0.964467
0.976137,0.971471,0.989424,0.976806,0.965555,0.963022,0.971120,0.965045,0.954113,0.960047,0.957112,0.968850,0.959447,0.958726,0.953728,0.965113,0.969783,0.964313
0.971406,0.968528,0.986779,0.973858,0.961980,0.959224,0.971930,0.961711,0.954266,0.960047,0.956825,0.969089,0.957246,0.959236,0.948484,0.962737,0.969074,0.961459
0.970453,0.966703,0.982549,0.970910,0.962372,0.957739,0.965722,0.959236,0.953229,0.959677,0.957399,0.966539,0.957718,0.958726,0.950098,0.962899,0.967056,0.962073
0.970665,0.967261,0.979905,0.970600,0.963026,0.958430,0.965182,0.960398,0.955533,0.961749,0.957184,0.968372,0.960547,0.961274,0.952230,0.963871,0.968092,0.962042
0.970595,0.966294,0.978671,0.970755,0.961805,0.957601,0.964282,0.959943,0.954804,0.960491,0.956106,0.968531,0.957560,0.958981,0.951135,0.962305,0.969183,0.961889
0.966147,0.965095,0.977790,0.965169,0.958840,0.954839,0.965002,0.958580,0.953229,0.959234,0.956394,0.966699,0.955831,0.953376,0.951308,0.961711,0.965910,0.960968
0.967170,0.964659,0.976203,0.967031,0.960192,0.954770,0.963023,0.957670,0.954305,0.961231,0.957256,0.967734,0.954731,0.956688,0.950271,0.961279,0.966674,0.960079
0.967523,0.965558,0.976908,0.966799,0.961631,0.956980,0.959244,0.958984,0.955610,0.962637,0.954382,0.968212,0.956932,0.957452,0.951020,0.962521,0.968856,0.960692
0.967064,0.964536,0.976379,0.966721,0.962939,0.956324,0.960594,0.959034,0.956378,0.961453,0.956034,0.969328,0.957718,0.959745,0.952230,0.963115,0.967874,0.960754
0.964699,0.962642,0.976556,0.965790,0.957532,0.954977,0.960864,0.956610,0.954074,0.958050,0.954454,0.966460,0.954574,0.953631,0.950328,0.962197,0.965692,0.959710
0.967735,0.964782,0.977084,0.967419,0.960715,0.955702,0.960414,0.958782,0.955226,0.959382,0.955244,0.967097,0.955674,0.955669,0.951366,0.961441,0.966565,0.960017
0.964982,0.963433,0.975145,0.965480,0.958622,0.953872,0.957265,0.957973,0.952845,0.970184,0.963218,0.980561,0.962748,0.962038,0.951135,0.962413,0.963947,0.959403
0.996823,0.971989,0.991539,0.966876,0.957837,0.953838,0.960144,0.952518,0.949005,0.983501,0.987356,0.999920,0.983024,0.985987,0.957070,0.960199,0.963292,0.958299
1.03474,0.991921,1.03102,0.995889,0.960802,0.984739,0.981466,0.953478,0.947124,0.985203,0.992098,1.00359,0.991041,0.983949,0.966405,0.964087,0.964929,0.963699
1.03191,1.00142,1.05359,1.02025,0.973316,0.999965,0.991633,0.967268,0.955917,0.981503,0.988362,0.999841,0.990097,0.981656,0.967500,0.971702,0.971147,0.970818
1.02912,1.00244,1.06839,1.02839,0.983650,1.00269,0.994782,0.983987,0.961908,0.975881,0.984842,0.987651,0.981452,0.982420,0.965829,0.975320,0.986691,0.973519
1.03018,0.999646,1.07686,1.02893,0.989623,1.00476,0.997931,0.998889,0.968320,0.970036,0.975934,0.972594,0.966677,0.974522,0.957128,0.979910,1.00016,0.976096
1.02965,0.999183,1.08073,1.02979,0.994288,1.00532,1.00090,1.00803,0.974234,0.964413,0.962644,0.965025,0.960861,0.964076,0.950328,0.981584,1.00731,0.977753
1.02746,0.998474,1.07650,1.02762,0.993547,1.00231,0.999730,1.01349,0.974772,0.960861,0.956394,0.961679,0.956146,0.960000,0.947390,0.979748,1.01265,0.977232
1.02602,0.994155,1.06328,1.02265,0.987486,1.00093,0.999550,1.01172,0.970663,0.957680,0.952514,0.961918,0.951587,0.953121,0.945142,0.973970,1.01025,0.974899
1.01758,0.986798,1.04107,1.01683,0.977807,0.996513,0.998201,1.00343,0.965325,0.957532,0.953520,0.961759,0.951430,0.955159,0.944624,0.971810,1.00071,0.972046
1.00660,0.978474,1.01833,1.00977,0.972618,0.992853,0.995861,0.992423,0.959335,0.956496,0.951652,0.963193,0.952531,0.956178,0.944739,0.969325,0.988437,0.967474
0.994670,0.975735,1.00564,0.997207,0.970002,0.985430,0.986325,0.980502,0.956109,0.955830,0.952155,0.964468,0.953002,0.958471,0.947390,0.967057,0.979873,0.964436
0.983620,0.971948,0.997708,0.988674,0.966819,0.974381,0.980117,0.970652,0.954497,0.957902,0.951940,0.964548,0.954417,0.957197,0.947274,0.964519,0.973928,0.962503
0.975713,0.967752,0.991186,0.976573,0.961892,0.965128,0.972829,0.964591,0.953153,0.956052,0.950862,0.963910,0.953788,0.951592,0.946410,0.962575,0.968310,0.960784
0.972818,0.966812,0.987485,0.972384,0.960541,0.961123,0.967791,0.961863,0.950810,0.955830,0.950718,0.963592,0.953317,0.954650,0.945257,0.960523,0.966238,0.959956
0.970912,0.965681,0.985193,0.969591,0.960454,0.957256,0.964372,0.959792,0.951924,0.955978,0.952012,0.965902,0.954260,0.957962,0.946698,0.960037,0.964765,0.960171
0.968053,0.964604,0.978495,0.968738,0.959015,0.954563,0.960054,0.958580,0.951309,0.956348,0.951509,0.965743,0.952688,0.957197,0.946064,0.960523,0.963783,0.958422
0.967241,0.963814,0.979552,0.966256,0.958491,0.953493,0.959604,0.956509,0.951309,0.954424,0.951078,0.964627,0.954731,0.950828,0.945776,0.959443,0.963510,0.958974
0.965758,0.963623,0.976203,0.965325,0.958404,0.953078,0.959694,0.955700,0.950503,0.955904,0.953161,0.963751,0.951430,0.955159,0.946986,0.958579,0.963674,0.958759
0.965864,0.962642,0.977966,0.964704,0.958491,0.953976,0.957535,0.956509,0.951271,0.956940,0.951006,0.963990,0.952688,0.957197,0.946525,0.959011,0.964601,0.958145
0.964346,0.961771,0.974440,0.962144,0.956137,0.953285,0.959154,0.954892,0.952385,0.954868,0.951149,0.962954,0.950802,0.953631,0.945719,0.958849,0.964765,0.957716
0.963111,0.961566,0.973206,0.962920,0.955134,0.951939,0.959514,0.954387,0.949927,0.955386,0.953017,0.963273,0.951902,0.953121,0.945891,0.958363,0.963456,0.957317
0.964417,0.961948,0.973735,0.964316,0.956311,0.953044,0.956635,0.955296,0.950119,0.955608,0.951365,0.963273,0.951902,0.952612,0.946871,0.956958,0.963456,0.956519
0.964064,0.962697,0.972678,0.966100,0.957009,0.954287,0.957085,0.953427,0.951309,0.955016,0.952586,0.962874,0.954574,0.956688,0.947793,0.959065,0.962529,0.957961
0.962687,0.962397,0.973383,0.963075,0.956311,0.952422,0.957355,0.954387,0.950388,0.955830,0.950647,0.964388,0.954102,0.954140,0.946986,0.957985,0.962420,0.956304
0.962052,0.960858,0.971444,0.961446,0.954437,0.951317,0.956275,0.951962,0.949197,0.963525,0.951581,0.971319,0.958661,0.954650,0.944393,0.958309,0.961111,0.956274
0.983656,0.968010,0.985546,0.961834,0.954873,0.948590,0.950607,0.949790,0.944973,0.971959,0.963362,0.979764,0.964319,0.964331,0.943125,0.955338,0.960401,0.956243
1.02266,0.983406,1.01287,0.979210,0.956442,0.967269,0.965272,0.950548,0.945089,0.967298,0.959124,0.973948,0.960233,0.961274,0.943125,0.959443,0.964001,0.960876
1.03121,0.991607,1.02909,0.998526,0.960584,0.983876,0.978678,0.955044,0.945511,0.963969,0.951796,0.966460,0.951587,0.954140,0.941858,0.962521,0.966074,0.964405
1.02722,0.994632,1.03596,1.00853,0.963026,0.990574,0.985875,0.961004,0.947201,0.961823,0.950072,0.961600,0.952531,0.950828,0.943241,0.966571,0.966729,0.967105
1.02263,0.992084,1.03437,1.01303,0.964814,0.992439,0.985155,0.960449,0.950810,0.959160,0.950934,0.960564,0.952373,0.948790,0.942895,0.966787,0.967765,0.967566
1.01317,0.986171,1.02450,1.01032,0.962634,0.989849,0.983266,0.958832,0.949543,0.956200,0.949569,0.960006,0.951745,0.952357,0.943586,0.964033,0.965201,0.966062
0.995905,0.978160,1.00828,0.998992,0.961064,0.981356,0.975708,0.958378,0.947393,0.955386,0.948060,0.961201,0.949230,0.950573,0.942780,0.962629,0.963510,0.963147
0.982103,0.972779,0.998414,0.986735,0.960977,0.971550,0.969861,0.955650,0.948775,0.953833,0.948276,0.960006,0.950173,0.952357,0.943414,0.960469,0.962910,0.961644
0.974619,0.970313,0.990658,0.977892,0.958579,0.964058,0.965002,0.955953,0.948122,0.955164,0.949282,0.962396,0.951902,0.952866,0.943817,0.959659,0.962692,0.962503
0.969712,0.967329,0.986427,0.971763,0.956747,0.956703,0.964822,0.953074,0.946509,0.954202,0.949497,0.961201,0.950487,0.947771,0.942895,0.958795,0.961111,0.960171
0.966323,0.964754,0.982020,0.966566,0.955570,0.953803,0.962663,0.952771,0.946241,0.953463,0.948707,0.959688,0.951116,0.947516,0.942895,0.956256,0.961438,0.959496
0.965017,0.962806,0.978671,0.965402,0.954960,0.950661,0.959064,0.953023,0.944551,0.953759,0.947989,0.959927,0.948915,0.945478,0.942780,0.955932,0.960292,0.958943
0.964205,0.962547,0.977261,0.965247,0.956660,0.951490,0.954656,0.952619,0.946394,0.953685,0.949282,0.961918,0.950487,0.951083,0.944220,0.957228,0.961329,0.956949
0.962299,0.961416,0.973912,0.964083,0.954437,0.949971,0.956095,0.950700,0.944513,0.953611,0.947701,0.961201,0.948129,0.947516,0.943298,0.956418,0.959092,0.957961
0.961911,0.960081,0.972678,0.961756,0.953041,0.949556,0.957355,0.949639,0.945165,0.952205,0.948132,0.959528,0.947658,0.948790,0.942031,0.955122,0.957292,0.956304
0.961911,0.959659,0.971620,0.960825,0.951908,0.949280,0.956185,0.949790,0.945165,0.954129,0.947917,0.961918,0.947972,0.947516,0.943932,0.954420,0.956256,0.955077
0.962758,0.959291,0.970739,0.960825,0.953826,0.948417,0.951237,0.950750,0.945549,0.952649,0.947629,0.963273,0.948129,0.951592,0.944163,0.954636,0.958056,0.955967
0.961099,0.959713,0.971444,0.959972,0.954088,0.950074,0.950697,0.950346,0.944820,0.952427,0.947629,0.961440,0.948758,0.952866,0.944220,0.955608,0.956474,0.955967
0.959792,0.958160,0.967213,0.957645,0.950033,0.947588,0.953306,0.947315,0.944513,0.952057,0.946480,0.957855,0.947972,0.947516,0.940821,0.953016,0.956365,0.953942
0.959792,0.957138,0.967566,0.956093,0.951123,0.949936,0.952407,0.947416,0.944589,0.951761,0.946624,0.960245,0.949230,0.948026,0.940993,0.952368,0.955765,0.954156
0.959298,0.957670,0.970386,0.959429,0.953564,0.950074,0.952497,0.950093,0.945933,0.951317,0.948635,0.960245,0.949701,0.948790,0.942261,0.953880,0.955493,0.954402
0.959263,0.958787,0.970562,0.957878,0.952169,0.949349,0.954926,0.949538,0.945204,0.951983,0.946839,0.960086,0.950802,0.949809,0.941109,0.953124,0.956093,0.954801
0.958769,0.957602,0.966861,0.957179,0.951341,0.948106,0.955646,0.948831,0.944589,0.951539,0.945833,0.959688,0.948444,0.947516,0.941685,0.952584,0.956093,0.954494
0.957321,0.955926,0.969681,0.956636,0.950338,0.948866,0.953846,0.947770,0.942900,0.951021,0.945690,0.958254,0.946558,0.947261,0.941454,0.951072,0.955056,0.953481
0.958910,0.959127,0.967566,0.960593,0.953826,0.949556,0.952947,0.948831,0.944014,0.950281,0.945115,0.959528,0.949387,0.951592,0.942780,0.955230,0.957292,0.955844
0.959051,0.959741,0.973383,0.958576,0.952562,0.946035,0.950337,0.946103,0.943054,0.951021,0.945402,0.956820,0.948444,0.947261,0.940648,0.955230,0.956965,0.955445
0.963181,0.961198,0.972501,0.956093,0.951384,0.945586,0.952856,0.945598,0.942516,0.951613,0.945043,0.956342,0.946243,0.947006,0.938977,0.952530,0.955438,0.954310
0.972218,0.962247,0.974617,0.959196,0.950120,0.946138,0.951687,0.946962,0.941978,0.951761,0.944828,0.958094,0.948915,0.944204,0.939438,0.953394,0.958383,0.955046
0.978325,0.964386,0.975498,0.960360,0.951820,0.950212,0.952767,0.947618,0.942401,0.953019,0.947270,0.957537,0.950959,0.944968,0.940359,0.954150,0.958274,0.955629
0.981750,0.964291,0.981668,0.962067,0.954000,0.953044,0.951597,0.949386,0.943245,0.953167,0.947055,0.959289,0.952845,0.951083,0.941685,0.953934,0.958874,0.955292
0.979102,0.962193,0.976027,0.960127,0.951908,0.952905,0.953846,0.948022,0.941902,0.951243,0.945833,0.960405,0.949387,0.946242,0.940417,0.953340,0.957511,0.954524
0.973595,0.960694,0.975674,0.958498,0.951646,0.951386,0.952497,0.948629,0.941479,0.951317,0.945618,0.958811,0.947501,0.946497,0.940590,0.951666,0.956856,0.954218
0.967064,0.960054,0.974088,0.956947,0.952126,0.948175,0.948538,0.947265,0.941748,0.951021,0.945474,0.959050,0.948129,0.949554,0.941397,0.951450,0.954893,0.954279
0.962016,0.959100,0.976379,0.957024,0.952126,0.946483,0.949258,0.947214,0.941249,0.950947,0.944397,0.958333,0.947186,0.947261,0.941397,0.951558,0.956038,0.953635
0.959192,0.956471,0.973206,0.955473,0.949117,0.944377,0.949348,0.945497,0.939674,0.949245,0.944109,0.958015,0.947186,0.945223,0.939207,0.950100,0.953693,0.952561
0.956545,0.956307,0.970562,0.954852,0.950556,0.945482,0.950427,0.946002,0.939674,0.950503,0.946480,0.955784,0.946715,0.947771,0.938919,0.950370,0.953856,0.953573
0.957004,0.956239,0.970739,0.956326,0.949292,0.946207,0.948808,0.946406,0.941133,0.949541,0.945330,0.958333,0.945457,0.946752,0.939841,0.949884,0.953474,0.953911
0.955627,0.956144,0.970034,0.956714,0.949030,0.945310,0.949798,0.945648,0.942017,0.950133,0.945762,0.957935,0.945615,0.946242,0.939322,0.951612,0.955383,0.952868
0.954286,0.954291,0.963335,0.953223,0.947068,0.944550,0.952227,0.946355,0.941249,0.948579,0.944037,0.957696,0.947972,0.943949,0.939726,0.950370,0.952056,0.951640
0.954038,0.953869,0.966861,0.953068,0.948158,0.945275,0.952227,0.946406,0.940596,0.949319,0.945330,0.957776,0.947501,0.943949,0.938573,0.950478,0.952602,0.951088
0.956651,0.955163,0.967566,0.955861,0.950643,0.945310,0.950157,0.945901,0.940942,0.949097,0.946695,0.959688,0.948129,0.947261,0.939034,0.952422,0.953420,0.951793
0.955027,0.954795,0.965098,0.954387,0.949510,0.944481,0.949348,0.945699,0.940903,0.950577,0.944828,0.958891,0.948444,0.946497,0.940187,0.952044,0.953693,0.952745
0.955486,0.953065,0.963864,0.953611,0.947068,0.944964,0.952137,0.945648,0.939713,0.947396,0.943965,0.956182,0.946400,0.943949,0.938746,0.948642,0.952111,0.950290
0.954533,0.952874,0.965803,0.953534,0.947024,0.944377,0.949978,0.944941,0.941210,0.949023,0.945043,0.957616,0.945300,0.943440,0.938977,0.947292,0.952275,0.950290
0.955874,0.954563,0.964216,0.956016,0.950294,0.944619,0.947818,0.945396,0.941556,0.948727,0.946193,0.957377,0.945929,0.946752,0.940302,0.949668,0.953638,0.950658
