Det0.000000,Det0.000000,Det0.000000,Det0.000000,Det0.000000,Det0.000000,Det0.000000,Det0.000000,Det0.000000,Det0.000000,Det0.000000,Det0.000000,Det0.000000,Det0.000000,Det0.000000,Det0.000000,Det0.000000
0.997455,0.999252,0.999911,0.998557,1.00221,1.00166,0.998373,1.00278,1.00132,1.00787,0.999414,1.00362,1.00259,1.00344,0.989211,1.00098,1.00179
0.994491,0.998611,0.998127,0.998005,1.00153,1.00087,0.995290,1.00093,0.998154,1.00614,0.999756,1.00068,1.00177,1.00250,0.988283,0.999575,1.00107
0.996827,1.00040,0.999465,0.998812,1.00262,1.00082,0.998630,1.00109,1.00114,1.00106,1.00034,1.00181,1.00279,1.00317,0.989820,1.00098,1.00082
0.996548,0.999092,0.998930,0.998387,1.00218,1.00023,0.997431,1.00273,0.998989,1.00355,0.999707,1.00225,1.00191,1.00228,0.988892,1.00166,1.00097
0.997071,0.999546,0.998305,0.997920,1.00068,0.998770,0.998030,0.999400,0.998594,0.998273,0.999365,1.00106,1.00041,1.00089,0.990720,0.998980,1.00000
0.999059,0.998264,0.999019,0.998090,0.999320,0.999043,0.999829,0.999127,1.00079,0.996737,0.998485,1.00078,1.00075,1.00013,0.995070,1.00025,0.998059
1.00146,1.00120,1.00277,1.00085,0.999728,1.00093,1.00266,0.999291,1.00026,1.00010,1.00044,1.00123,1.00055,1.00031,1.00377,1.00030,0.999709
1.00359,1.00158,1.00250,1.00314,1.00099,1.00210,1.00137,1.00044,1.00088,1.00115,1.00171,1.00075,1.00034,0.999598,1.00905,1.00170,1.00315
1.00143,1.00254,1.00285,1.00284,1.00119,1.00169,0.999657,1.00191,1.00281,1.00307,1.00225,1.00191,1.00136,1.00156,1.00603,1.00149,1.00184
1.00087,1.00128,1.00009,1.00174,1.00102,1.00173,0.999401,1.00229,1.00062,1.00345,1.00186,1.00218,1.00259,1.00282,0.998927,1.00187,1.00218
0.998815,1.00016,0.999376,0.999151,1.00170,0.998702,1.00120,1.00082,1.00022,1.00163,0.999463,1.00092,1.00102,1.00273,0.992431,1.00025,1.00068
0.995920,0.999359,0.998127,0.997581,0.998265,0.998155,0.998116,0.999891,0.998769,1.00048,0.998485,1.00140,0.998774,1.00152,0.987761,0.998173,0.998981
0.992782,0.995940,0.996432,0.996732,0.996564,0.996766,0.993234,0.997327,0.995649,1.00038,0.996678,0.998226,0.996117,1.00058,0.984542,0.996304,0.997720
0.990551,0.996047,0.994113,0.995543,0.996530,0.994921,0.994604,0.996945,0.995122,0.996929,0.994968,0.997885,0.997615,0.996916,0.981729,0.994604,0.996459
0.992643,0.993376,0.993043,0.993591,0.996768,0.995081,0.995889,0.995363,0.995825,0.995873,0.995505,0.997237,0.997956,0.999687,0.979902,0.996049,0.995634
0.988145,0.991906,0.992329,0.990747,0.995305,0.993145,0.991521,0.994435,0.992705,0.996929,0.992671,0.995736,0.994686,0.997363,0.978481,0.992777,0.993839
0.986541,0.990651,0.988761,0.989007,0.993059,0.992234,0.991778,0.993453,0.992353,0.996257,0.990961,0.995667,0.993868,0.994502,0.975900,0.992437,0.991753
0.986715,0.990972,0.989296,0.989983,0.991017,0.991368,0.990322,0.990889,0.992749,0.994818,0.990326,0.993996,0.993323,0.995530,0.975523,0.992097,0.992432
0.984066,0.989850,0.989296,0.987861,0.991392,0.990298,0.986468,0.990998,0.990331,0.997217,0.989740,0.992938,0.993051,0.994815,0.975146,0.991035,0.990200
0.985669,0.989823,0.989296,0.987989,0.991936,0.991140,0.989808,0.991816,0.992177,0.996545,0.990668,0.994166,0.993868,0.994547,0.975813,0.991035,0.991171
0.983682,0.987793,0.989475,0.987734,0.990507,0.990343,0.985612,0.991816,0.990331,0.997121,0.990668,0.991915,0.992846,0.992222,0.974595,0.990908,0.988891
0.981660,0.986751,0.986710,0.985357,0.988908,0.989660,0.983128,0.990234,0.989101,0.998081,0.989349,0.992529,0.990871,0.991909,0.973174,0.988486,0.990200
0.981904,0.987098,0.987423,0.987607,0.988806,0.989751,0.984669,0.990834,0.991122,0.995681,0.990326,0.992597,0.991620,0.993384,0.974479,0.989973,0.987629
0.983264,0.988434,0.988404,0.986418,0.990813,0.990571,0.988267,0.992471,0.990947,0.994338,0.989837,0.993928,0.993528,0.994502,0.975117,0.991587,0.988891
0.980683,0.986404,0.988493,0.985442,0.989520,0.988863,0.980987,0.990561,0.987123,0.999424,0.989153,0.994132,0.989644,0.993429,0.973841,0.990950,0.988891
0.980056,0.986003,0.988583,0.984848,0.988874,0.988248,0.982528,0.991980,0.985937,0.999712,0.987883,0.991642,0.991075,0.993205,0.972826,0.988613,0.988405
0.984100,0.988514,0.988761,0.988837,0.992174,0.991049,0.988523,0.993726,0.990507,0.995489,0.989251,0.993621,0.993528,0.994591,0.974334,0.992140,0.989667
0.981764,0.986938,0.989831,0.987267,0.991698,0.989637,0.985183,0.991980,0.989804,0.994722,0.987541,0.993757,0.992370,0.992535,0.973957,0.990823,0.990637
0.982427,0.986377,0.988761,0.986079,0.989214,0.988567,0.984669,0.988652,0.987123,0.993474,0.986710,0.990755,0.991893,0.992043,0.973203,0.989421,0.988793
0.982880,0.985789,0.988047,0.984381,0.989248,0.988316,0.982186,0.987452,0.987475,0.987812,0.983583,0.989493,0.991484,0.990479,0.975900,0.988231,0.987193
0.984031,0.986244,0.988939,0.986333,0.986356,0.985515,0.985612,0.985760,0.988354,0.987428,0.983974,0.988844,0.989508,0.988244,0.981700,0.987296,0.986368
0.987064,0.989850,0.990634,0.989771,0.987887,0.986494,0.985868,0.989525,0.986552,0.992035,0.987590,0.988606,0.988895,0.990926,0.990923,0.989208,0.987775
0.989993,0.992280,0.994559,0.993506,0.988125,0.989318,0.987924,0.989743,0.988002,0.993186,0.988665,0.989629,0.988963,0.988959,0.997071,0.990738,0.989085
0.988284,0.991693,0.994113,0.993379,0.989452,0.989933,0.985183,0.989579,0.988002,0.995777,0.990717,0.988776,0.988963,0.991194,0.995215,0.989590,0.988357
0.988529,0.992948,0.993489,0.993252,0.989827,0.989592,0.987325,0.989470,0.989892,0.993090,0.989691,0.989834,0.991688,0.993071,0.989240,0.988571,0.990055
0.987587,0.990758,0.991705,0.990196,0.988227,0.987656,0.987325,0.988816,0.989980,0.990595,0.989886,0.991540,0.990734,0.993384,0.981787,0.989336,0.990637
0.985321,0.989689,0.989118,0.987819,0.987683,0.986585,0.983556,0.987015,0.987431,0.993378,0.988714,0.990619,0.989304,0.992222,0.977930,0.988358,0.988793
0.984589,0.987312,0.987691,0.986376,0.986798,0.985401,0.985526,0.986197,0.988573,0.989443,0.986710,0.988606,0.989304,0.990255,0.974537,0.986446,0.988308
0.984623,0.985549,0.987155,0.986121,0.986594,0.985743,0.987410,0.986360,0.987035,0.988963,0.986710,0.988844,0.989236,0.989048,0.973435,0.985894,0.988891
0.982531,0.985496,0.987066,0.984933,0.986832,0.984239,0.985440,0.987179,0.986464,0.984453,0.984170,0.988981,0.988418,0.989674,0.973638,0.985597,0.986513
0.981137,0.983626,0.983855,0.984169,0.984927,0.983602,0.985355,0.985651,0.986200,0.984933,0.984267,0.986491,0.988214,0.989764,0.970883,0.986149,0.985446
0.981032,0.983599,0.983944,0.983447,0.984791,0.983442,0.983813,0.985324,0.984618,0.988100,0.984463,0.987002,0.988759,0.988914,0.970651,0.985214,0.984185
0.978835,0.982851,0.982428,0.981792,0.982171,0.982827,0.982014,0.984833,0.983432,0.985125,0.981580,0.986627,0.987600,0.989764,0.968881,0.983812,0.982002
0.978417,0.982664,0.982606,0.981113,0.983226,0.982167,0.981072,0.984724,0.982465,0.986948,0.982508,0.986320,0.985625,0.989004,0.968562,0.983685,0.982050
0.976778,0.981623,0.979752,0.981834,0.982919,0.981028,0.977647,0.983851,0.981586,0.985797,0.980408,0.986422,0.986579,0.988288,0.968591,0.983217,0.983020
0.976255,0.981195,0.984212,0.980179,0.982001,0.982622,0.979274,0.984178,0.981322,0.987716,0.980261,0.984921,0.986510,0.986634,0.967663,0.983387,0.982923
0.976290,0.981649,0.981982,0.980434,0.982443,0.981825,0.976105,0.983742,0.981674,0.988676,0.980652,0.985433,0.985148,0.987797,0.966126,0.983217,0.981565
0.976046,0.980901,0.982428,0.982259,0.983090,0.983101,0.978246,0.983087,0.981718,0.986852,0.979577,0.986252,0.985965,0.987305,0.967663,0.983557,0.982826
0.976778,0.981168,0.982696,0.979500,0.981967,0.982076,0.978931,0.984287,0.981586,0.987524,0.979870,0.984819,0.986033,0.986188,0.967953,0.983005,0.982535
0.976464,0.980073,0.983231,0.979797,0.982171,0.982144,0.975163,0.984069,0.981454,0.987908,0.981336,0.984273,0.985488,0.985875,0.966561,0.983132,0.980789
0.975244,0.979726,0.982696,0.979542,0.982409,0.982076,0.976704,0.983087,0.980619,0.990211,0.979870,0.985706,0.985284,0.986903,0.965604,0.982198,0.980983
0.977650,0.979993,0.982696,0.981325,0.981967,0.983283,0.977475,0.983305,0.982377,0.985701,0.981336,0.986525,0.986647,0.986590,0.966300,0.983430,0.983700
0.975941,0.980233,0.982696,0.979118,0.982511,0.982440,0.979102,0.982159,0.982684,0.984357,0.981287,0.987241,0.984671,0.986903,0.966387,0.984110,0.983020
0.974686,0.979966,0.981447,0.979160,0.983158,0.981096,0.978760,0.981723,0.981718,0.983589,0.979186,0.985160,0.985148,0.986143,0.965575,0.982325,0.980546
0.976360,0.978471,0.981001,0.979627,0.979789,0.980254,0.978674,0.980304,0.981322,0.977831,0.977769,0.983625,0.981741,0.983684,0.967895,0.982240,0.980110
0.978835,0.979165,0.980912,0.981028,0.979041,0.980094,0.981244,0.978668,0.982509,0.976392,0.977329,0.984034,0.983513,0.983416,0.974015,0.981815,0.981808
0.981834,0.981035,0.983231,0.982301,0.980674,0.981597,0.982957,0.979977,0.983036,0.980326,0.979870,0.983250,0.984058,0.983327,0.981381,0.982962,0.981856
0.982148,0.982237,0.986174,0.983320,0.980878,0.981802,0.980216,0.980741,0.982509,0.982246,0.981287,0.983182,0.982559,0.983684,0.985731,0.982622,0.983360
0.982462,0.983065,0.984836,0.983447,0.982069,0.983784,0.982186,0.982760,0.983959,0.983877,0.980847,0.985467,0.984807,0.986322,0.985412,0.983642,0.983700
0.982043,0.982557,0.985371,0.983872,0.983770,0.981894,0.982785,0.983851,0.983388,0.983301,0.982460,0.986320,0.986170,0.986545,0.980917,0.984832,0.983166
0.979114,0.981676,0.982160,0.981877,0.980810,0.980026,0.978075,0.979595,0.982860,0.980806,0.979284,0.984887,0.984058,0.985115,0.973870,0.981645,0.981225
0.977615,0.980287,0.980466,0.978694,0.980402,0.978113,0.977390,0.979050,0.979916,0.982821,0.977134,0.981783,0.982627,0.983148,0.968591,0.979138,0.980643
0.977476,0.979566,0.980287,0.979797,0.980606,0.978773,0.979873,0.979377,0.981542,0.983589,0.979430,0.983659,0.982831,0.984489,0.968272,0.981348,0.982584
0.976430,0.978631,0.978146,0.978651,0.979857,0.979001,0.980216,0.979050,0.981542,0.978215,0.979088,0.982533,0.982423,0.984399,0.966329,0.980795,0.979867
0.973187,0.977055,0.978592,0.976105,0.976523,0.977225,0.972422,0.977576,0.976619,0.981094,0.975619,0.981783,0.980583,0.983237,0.962588,0.977694,0.978363
0.974791,0.975292,0.976452,0.974831,0.977543,0.975881,0.976362,0.978340,0.978290,0.980230,0.975961,0.981032,0.981741,0.981494,0.962588,0.978331,0.978169
0.972664,0.975452,0.975649,0.976147,0.977748,0.976564,0.975334,0.978340,0.979696,0.979942,0.976352,0.982124,0.981469,0.981449,0.961834,0.979223,0.976665
0.971025,0.976334,0.976184,0.975765,0.977203,0.975812,0.972936,0.977631,0.976576,0.980422,0.974935,0.980248,0.981469,0.982522,0.962559,0.978841,0.976665
0.971583,0.975212,0.976095,0.974534,0.976319,0.976245,0.973792,0.977576,0.975653,0.980710,0.975131,0.981544,0.982286,0.982746,0.962211,0.979351,0.976762
0.969874,0.975185,0.976273,0.974322,0.976319,0.976678,0.974392,0.977031,0.975784,0.981478,0.975326,0.980964,0.982968,0.981896,0.961950,0.977906,0.976568
0.970328,0.973529,0.977433,0.973049,0.976250,0.976769,0.972679,0.976485,0.976048,0.979942,0.975228,0.980111,0.979970,0.981047,0.961573,0.977566,0.976714
0.971095,0.975506,0.976808,0.976444,0.977271,0.978022,0.976876,0.978395,0.978114,0.981190,0.975864,0.981680,0.980583,0.982209,0.963110,0.978416,0.976665
0.971618,0.974063,0.977254,0.974407,0.975604,0.977566,0.975334,0.979595,0.976663,0.981190,0.975570,0.980282,0.981128,0.982746,0.962646,0.979436,0.977538
0.970119,0.974704,0.977344,0.973006,0.975604,0.976883,0.971223,0.977740,0.975960,0.982917,0.975228,0.980896,0.980651,0.982701,0.961515,0.978416,0.975743
0.972350,0.974384,0.976987,0.973134,0.976625,0.978500,0.973792,0.977576,0.978246,0.980998,0.973714,0.980964,0.981946,0.981539,0.962530,0.979393,0.977684
0.972211,0.974571,0.976987,0.972709,0.976965,0.976587,0.973364,0.977849,0.976312,0.981574,0.973470,0.980248,0.979561,0.981449,0.962675,0.980158,0.976180
0.970014,0.974063,0.975292,0.974661,0.977271,0.975015,0.975934,0.976758,0.976839,0.978599,0.973518,0.980896,0.981741,0.981896,0.962472,0.976929,0.976229
0.970781,0.972834,0.972081,0.974195,0.974413,0.975904,0.976019,0.976485,0.978949,0.973512,0.973958,0.980350,0.981196,0.980958,0.960616,0.977736,0.975258
0.970467,0.970884,0.974400,0.972836,0.975434,0.975084,0.976533,0.977358,0.977850,0.973704,0.970636,0.979463,0.979970,0.979527,0.960645,0.977524,0.974725
0.969595,0.970484,0.971635,0.970799,0.973018,0.971964,0.972679,0.973594,0.974202,0.968810,0.968975,0.977348,0.977654,0.977963,0.960674,0.975484,0.971038
0.969491,0.969976,0.972616,0.971945,0.970772,0.970642,0.976276,0.972448,0.976444,0.966603,0.969023,0.975779,0.977585,0.976398,0.965952,0.975399,0.971717
0.974651,0.973395,0.972259,0.975383,0.972610,0.973102,0.976704,0.973376,0.976883,0.972649,0.971613,0.976495,0.978199,0.977471,0.973232,0.976547,0.974628
0.974686,0.974410,0.976273,0.977845,0.973120,0.973717,0.975934,0.974739,0.975609,0.974472,0.972248,0.976052,0.977722,0.978544,0.980076,0.975357,0.975986
0.974582,0.975238,0.977165,0.976614,0.973903,0.972875,0.974906,0.974248,0.975872,0.975048,0.973470,0.977791,0.979016,0.977605,0.976973,0.976759,0.977150
0.974965,0.973395,0.976630,0.976996,0.974924,0.973330,0.975591,0.974849,0.977191,0.971593,0.973812,0.977177,0.980379,0.979348,0.971753,0.978756,0.976132
0.973710,0.973529,0.974400,0.975171,0.974175,0.971941,0.976105,0.973867,0.975916,0.974376,0.973470,0.977518,0.978812,0.980421,0.967286,0.977991,0.975161
0.970084,0.972915,0.971635,0.972285,0.972848,0.971144,0.969510,0.972994,0.973587,0.975624,0.973176,0.976427,0.976291,0.977918,0.962443,0.975952,0.973609
0.970084,0.971713,0.971457,0.971563,0.971725,0.970984,0.969938,0.972230,0.972664,0.974856,0.972541,0.977314,0.975610,0.978231,0.960007,0.974082,0.973609
0.969491,0.971499,0.973865,0.972157,0.971453,0.969777,0.971566,0.972666,0.975565,0.973800,0.973127,0.977007,0.976087,0.977963,0.960935,0.974762,0.972784
0.968410,0.970217,0.971100,0.971775,0.971555,0.970574,0.968225,0.972230,0.973279,0.977063,0.971369,0.977553,0.975814,0.977560,0.959369,0.974550,0.972105
0.966248,0.969362,0.971546,0.968889,0.969820,0.969527,0.966341,0.972011,0.969588,0.975144,0.969023,0.975472,0.974247,0.977113,0.956730,0.971193,0.972445
0.966980,0.969175,0.970921,0.968550,0.970466,0.970551,0.968311,0.971739,0.972576,0.975240,0.968584,0.973800,0.976427,0.976085,0.956730,0.973487,0.973124
0.965446,0.969335,0.971992,0.969653,0.970126,0.970301,0.970024,0.972175,0.972532,0.975336,0.969561,0.975915,0.976155,0.976398,0.956730,0.972978,0.971474
0.964819,0.968480,0.970654,0.968210,0.970126,0.968160,0.964543,0.968302,0.969016,0.976679,0.967460,0.973698,0.973089,0.974878,0.955744,0.971236,0.969970
0.964052,0.967946,0.970297,0.967743,0.968969,0.967887,0.963601,0.969175,0.968050,0.975912,0.966971,0.972981,0.973225,0.976264,0.955512,0.970768,0.969631
0.964714,0.968080,0.971278,0.969101,0.970398,0.968980,0.965999,0.969938,0.970203,0.976392,0.968388,0.973357,0.974383,0.976666,0.957658,0.972595,0.971571
0.966004,0.968026,0.970029,0.968380,0.970500,0.969299,0.967540,0.971084,0.971609,0.974184,0.970098,0.977450,0.973975,0.976174,0.957020,0.972298,0.968758
0.964505,0.966557,0.971367,0.968380,0.969411,0.969071,0.967626,0.970157,0.971126,0.977063,0.968193,0.976154,0.975882,0.975102,0.955976,0.972383,0.970456
0.963284,0.966504,0.971457,0.968168,0.968016,0.969071,0.965656,0.969284,0.971258,0.975336,0.967313,0.974960,0.973566,0.977024,0.954584,0.971023,0.970456
0.964784,0.967492,0.970832,0.967913,0.969650,0.970324,0.967026,0.971139,0.970599,0.973417,0.967069,0.974244,0.975542,0.975951,0.955628,0.972595,0.969437
0.965237,0.967973,0.971724,0.969186,0.970398,0.970642,0.970024,0.970920,0.972137,0.972073,0.967558,0.974926,0.974451,0.976040,0.956121,0.972340,0.970261
0.964819,0.967385,0.969762,0.969611,0.969003,0.968570,0.967369,0.970266,0.969939,0.972073,0.965945,0.975233,0.974588,0.974655,0.956005,0.972128,0.969146
0.964435,0.966878,0.969405,0.968677,0.968595,0.968866,0.967283,0.969011,0.970159,0.971593,0.965505,0.973732,0.974928,0.974833,0.953482,0.971830,0.969291
0.963877,0.966130,0.968691,0.968847,0.967744,0.968274,0.967198,0.968411,0.971917,0.966699,0.964186,0.973527,0.974451,0.974655,0.955686,0.970726,0.970116
0.965307,0.965328,0.967443,0.967149,0.967506,0.966885,0.967797,0.967647,0.968929,0.963148,0.963502,0.971378,0.972476,0.972956,0.956875,0.970301,0.967011
0.967015,0.967118,0.969227,0.969441,0.966349,0.966520,0.967026,0.966883,0.968357,0.963148,0.964040,0.969638,0.972271,0.970497,0.963922,0.968346,0.968030
0.971060,0.970243,0.973062,0.972836,0.968118,0.967499,0.967369,0.968793,0.968841,0.966987,0.965652,0.969467,0.971590,0.971615,0.973261,0.970003,0.969194
0.973396,0.972674,0.975292,0.976444,0.970568,0.971736,0.973022,0.969393,0.970906,0.968618,0.969121,0.970934,0.973021,0.973314,0.981555,0.973700,0.970892
0.974616,0.972327,0.976808,0.977251,0.971045,0.971918,0.971566,0.971739,0.972664,0.971401,0.971173,0.972845,0.974860,0.975012,0.979467,0.974465,0.972105
0.972211,0.972327,0.974043,0.974619,0.968833,0.969413,0.969339,0.969611,0.970511,0.970921,0.966971,0.972640,0.974179,0.975281,0.971579,0.971745,0.970698
0.971967,0.970884,0.973597,0.973049,0.969377,0.969185,0.970110,0.969720,0.970555,0.969674,0.967802,0.973288,0.973361,0.976934,0.966155,0.972723,0.970553
0.969909,0.970030,0.970921,0.971903,0.969173,0.968638,0.971309,0.970320,0.972049,0.971593,0.970391,0.972947,0.973430,0.975728,0.963371,0.971703,0.971183
0.965342,0.968080,0.970297,0.968083,0.966826,0.965905,0.965228,0.967538,0.970203,0.970921,0.966874,0.971378,0.970500,0.974789,0.958615,0.970428,0.968709
0.964540,0.966771,0.968424,0.967531,0.965533,0.964949,0.963943,0.967047,0.967742,0.969578,0.964773,0.970900,0.969137,0.972241,0.954961,0.967837,0.967351
0.965481,0.967252,0.969137,0.967913,0.967744,0.965518,0.969168,0.966992,0.969851,0.968522,0.966043,0.971651,0.971658,0.973582,0.955396,0.970173,0.969728
0.964365,0.967412,0.966462,0.966215,0.966723,0.964789,0.965057,0.966010,0.968225,0.969386,0.966043,0.972128,0.969069,0.973671,0.954323,0.967752,0.969582
0.964610,0.966504,0.967086,0.966725,0.966213,0.964493,0.964885,0.966938,0.967742,0.966219,0.964870,0.970934,0.970228,0.973135,0.953540,0.968431,0.967351
0.963842,0.966210,0.966105,0.966385,0.966485,0.965677,0.968397,0.967265,0.969148,0.966699,0.966434,0.971207,0.972612,0.973761,0.953685,0.968771,0.966963
0.962761,0.964447,0.967443,0.963244,0.965124,0.964675,0.964457,0.965519,0.966292,0.967274,0.964773,0.969843,0.972067,0.973180,0.952728,0.968814,0.966720
0.959902,0.962764,0.965837,0.962395,0.963865,0.963605,0.961031,0.963991,0.965149,0.968906,0.961304,0.970047,0.970159,0.972822,0.951249,0.966010,0.964682
0.962866,0.964207,0.966105,0.965409,0.966009,0.965632,0.968225,0.967156,0.968401,0.966507,0.963209,0.971310,0.972612,0.973001,0.952496,0.968219,0.968369
0.961332,0.963779,0.964678,0.963457,0.963593,0.964539,0.965656,0.965574,0.966643,0.967562,0.962916,0.970423,0.970568,0.973403,0.951916,0.968134,0.965556
0.958647,0.962764,0.964053,0.961122,0.960939,0.962125,0.958719,0.962682,0.962556,0.969578,0.960815,0.967728,0.968320,0.970363,0.947884,0.964607,0.964391
0.958787,0.961776,0.964856,0.961207,0.962947,0.962170,0.960089,0.963937,0.963962,0.968810,0.960815,0.968717,0.967775,0.970542,0.949450,0.965755,0.965071
0.959658,0.962631,0.966372,0.962480,0.962776,0.964152,0.961459,0.965355,0.964050,0.967754,0.962036,0.969740,0.969206,0.971391,0.949712,0.967539,0.966138
0.958577,0.961936,0.965034,0.962141,0.963219,0.962717,0.959147,0.962246,0.963655,0.969290,0.960571,0.967182,0.967979,0.971526,0.949218,0.965967,0.964052
0.956625,0.960974,0.964321,0.960528,0.961926,0.960940,0.954437,0.961973,0.958952,0.969866,0.960864,0.967250,0.967025,0.970095,0.946753,0.962908,0.963567
0.959240,0.961589,0.962180,0.962226,0.963083,0.963400,0.960432,0.964646,0.962468,0.964299,0.961255,0.968035,0.968797,0.969112,0.949973,0.966179,0.964052
1.01925,0.990143,0.969851,0.979076,0.964376,0.966133,0.975077,0.969611,0.977982,0.963915,0.960962,0.968035,0.977790,0.975772,0.946985,0.968219,0.994421
1.05143,1.06862,1.04665,1.08064,0.970806,1.00018,1.01859,1.00278,1.05098,0.969674,0.980408,0.968171,1.00865,1.00367,0.947072,0.976122,1.05157
1.01712,1.05743,1.09080,1.10776,1.00704,1.04418,1.03477,1.01806,1.06522,0.995106,1.00870,0.974551,1.00491,1.01122,0.953221,0.977439,1.03425
1.01750,1.04049,1.07002,1.06286,1.07635,1.05357,1.03794,1.02139,1.04039,1.01324,1.02316,0.995258,1.00899,1.00572,0.964009,0.980413,1.01533
1.02430,1.04528,1.04736,1.04877,1.09013,1.04077,1.03846,1.02128,1.04118,1.01190,1.02668,1.02194,1.01472,1.00617,0.976103,0.982920,1.02081
1.02517,1.04837,1.04986,1.05356,1.05754,1.02904,1.03297,1.01991,1.04540,1.00144,1.02707,1.03623,1.01642,1.00286,0.985789,0.983302,1.02649
1.02409,1.04923,1.05031,1.05624,1.02586,1.02728,1.03289,1.01768,1.04483,0.987716,1.02502,1.03401,1.01526,0.988914,0.995302,0.984279,1.03013
1.02368,1.04688,1.04612,1.05840,1.01484,1.02715,1.03272,1.01719,1.04417,0.978503,1.02179,1.02548,1.01342,0.980376,1.00650,0.982707,1.03018
1.02277,1.04482,1.04228,1.05878,1.01296,1.02665,1.02826,1.01462,1.04215,0.970154,1.01744,1.01740,1.01301,0.974521,1.01436,0.982537,1.02717
1.02123,1.04375,1.04014,1.05700,1.01637,1.01902,1.02775,1.01080,1.03788,0.969770,1.01050,1.01112,1.00947,0.972733,1.01827,0.980923,1.02717
1.02137,1.03972,1.03256,1.04588,1.01385,1.00608,1.02133,1.00169,1.03353,0.971305,1.00327,1.00679,1.00518,0.970810,1.01763,0.979181,1.02547
1.02022,1.03120,1.02221,1.02504,1.00453,0.994921,1.01096,0.992580,1.02342,0.969482,0.992867,0.998362,1.00300,0.968844,1.01227,0.975569,1.02251
1.02252,1.02011,1.00945,1.00819,0.995509,0.990321,1.00411,0.985597,1.01261,0.967946,0.985782,0.992904,1.00136,0.969961,1.00974,0.975314,1.02333
1.02137,1.00895,0.996700,0.994695,0.989112,0.985697,0.990750,0.978831,1.00075,0.970825,0.979235,0.987105,0.998024,0.969559,1.00505,0.973785,1.01955
1.01471,1.00230,0.988226,0.986333,0.984519,0.980823,0.983385,0.975067,0.986464,0.970729,0.976401,0.983386,0.992642,0.968665,0.999449,0.972680,1.01329
1.00802,0.996127,0.983142,0.980434,0.982035,0.977430,0.976961,0.972284,0.979916,0.969770,0.972395,0.977962,0.988827,0.968799,0.995621,0.970853,1.00703
1.00192,0.992067,0.981447,0.978312,0.981286,0.977293,0.978160,0.972885,0.979037,0.967083,0.970001,0.979020,0.987260,0.969872,0.992895,0.971066,1.00068
0.993898,0.988701,0.982696,0.975468,0.980538,0.973990,0.973964,0.969775,0.976092,0.969098,0.967900,0.977382,0.985420,0.969782,0.989588,0.969111,0.994372
0.986332,0.985389,0.979930,0.973855,0.976761,0.971667,0.970367,0.968247,0.971302,0.970825,0.965994,0.975165,0.980583,0.969112,0.985934,0.967284,0.987823
0.982008,0.980527,0.978771,0.972582,0.977475,0.971303,0.969339,0.967374,0.972137,0.970729,0.965994,0.973664,0.978744,0.970721,0.984310,0.968389,0.985446
0.978940,0.979726,0.977165,0.974237,0.974924,0.970711,0.971309,0.966283,0.971521,0.970633,0.965164,0.975472,0.977313,0.970542,0.981874,0.967412,0.982778
0.974198,0.977643,0.978236,0.974025,0.974209,0.969367,0.965999,0.966610,0.968533,0.972361,0.964431,0.973698,0.977926,0.969693,0.979467,0.966265,0.981274
0.971583,0.976387,0.979306,0.974067,0.973324,0.968775,0.963344,0.967047,0.968709,0.970633,0.963698,0.973152,0.976427,0.969872,0.978191,0.964862,0.978703
0.971967,0.978417,0.982339,0.973855,0.975128,0.969208,0.969253,0.966501,0.970115,0.967562,0.964528,0.972640,0.975542,0.968799,0.977611,0.966265,0.978654
0.970955,0.977429,0.983052,0.974407,0.974617,0.969413,0.966427,0.966065,0.969016,0.966603,0.964480,0.971890,0.973838,0.969872,0.976538,0.964140,0.976665
0.963982,0.971125,0.976006,0.968253,0.968050,0.964767,0.958719,0.961755,0.965413,0.963244,0.960962,0.969706,0.971181,0.967547,0.969693,0.961973,0.969873
0.980160,0.992734,0.981625,0.972667,0.967098,0.965085,0.969168,0.962082,0.967786,0.964203,0.959642,0.967762,0.975610,0.986724,0.966068,0.961761,0.971474
1.03996,1.05941,1.03122,1.04660,0.971623,0.990366,1.00411,0.983687,1.01784,0.974280,0.975668,0.970559,0.994482,1.00505,0.967025,0.966902,1.01848
1.02671,1.06331,1.07421,1.10309,1.00041,1.03355,1.01927,1.00376,1.05603,0.993954,0.999756,0.977348,0.995708,1.00349,0.968388,0.969409,1.03682
1.01684,1.04239,1.07127,1.08387,1.06570,1.04348,1.02424,1.00797,1.05177,0.995777,1.01173,0.995497,1.00177,0.999106,0.971724,0.971363,1.02193
1.02287,1.04092,1.04799,1.04877,1.08122,1.03403,1.02629,1.00802,1.04166,0.988963,1.01549,1.01740,1.00613,0.993116,0.977147,0.973530,1.01897
1.02538,1.04715,1.04326,1.04779,1.05485,1.02280,1.02518,1.00917,1.04390,0.978503,1.01881,1.02787,1.00620,0.982075,0.984484,0.974082,1.02314
1.02225,1.04832,1.04594,1.05445,1.02674,1.02075,1.02175,1.00927,1.04298,0.972649,1.01681,1.02866,1.00709,0.973984,0.992199,0.974465,1.02484
1.02061,1.04634,1.04166,1.05963,1.01609,1.01970,1.01653,1.00693,1.03911,0.968906,1.01324,1.02354,1.00518,0.970140,0.999420,0.974465,1.02256
1.01953,1.04453,1.03960,1.05925,1.01711,1.01713,1.01533,1.00235,1.03854,0.965451,1.00611,1.01545,1.00129,0.967145,1.00255,0.971788,1.02139
1.02221,1.04228,1.03425,1.05271,1.01657,1.00729,1.01233,0.999727,1.03665,0.964203,0.998730,1.00768,1.00007,0.966251,1.00464,0.971958,1.02081
1.02075,1.03296,1.02756,1.03361,1.00752,0.995582,1.00086,0.991052,1.03054,0.964875,0.988225,1.00085,0.996321,0.964552,1.00197,0.970301,1.02198
1.01886,1.02303,1.01730,1.01065,0.997720,0.990002,0.992035,0.983305,1.02347,0.961996,0.982557,0.993962,0.996594,0.964910,0.999594,0.968346,1.02013
1.01688,1.01167,1.00571,0.999321,0.992310,0.988134,0.991692,0.979268,1.01516,0.960653,0.980017,0.989425,0.995844,0.967368,0.997854,0.971830,1.02062
1.01032,1.00382,0.993667,0.991002,0.990371,0.984217,0.989037,0.975012,1.00409,0.962956,0.978160,0.987002,0.993051,0.968665,0.994983,0.970938,1.01426
0.998570,0.998611,0.986174,0.983872,0.984416,0.978682,0.977647,0.970866,0.988881,0.964395,0.973909,0.982090,0.987396,0.965536,0.989125,0.968729,1.00592
0.992503,0.993669,0.981358,0.980731,0.981797,0.977839,0.979959,0.969938,0.984530,0.962956,0.968877,0.978201,0.985557,0.967190,0.987384,0.967327,0.999660
0.987866,0.989956,0.980644,0.979415,0.981763,0.977088,0.982271,0.970211,0.982904,0.964875,0.967851,0.978678,0.982695,0.968397,0.986253,0.967114,0.994615
0.982008,0.984507,0.979217,0.975977,0.978734,0.972897,0.973193,0.967265,0.975697,0.965931,0.966580,0.976222,0.978471,0.966519,0.981526,0.964947,0.989085
0.977964,0.980955,0.976541,0.973898,0.976523,0.970984,0.968397,0.964537,0.973016,0.964683,0.964675,0.975096,0.976632,0.965983,0.978481,0.962695,0.984282
0.976569,0.980047,0.977968,0.975638,0.976012,0.971052,0.971309,0.966338,0.972400,0.962764,0.962916,0.975881,0.977245,0.968128,0.978655,0.964225,0.983942
0.974198,0.978177,0.977254,0.974364,0.977373,0.970164,0.969596,0.965355,0.971390,0.964491,0.964235,0.974482,0.973634,0.968128,0.977002,0.962780,0.983020
0.971095,0.976334,0.976719,0.973473,0.974243,0.968137,0.965571,0.963119,0.967918,0.965451,0.962525,0.971071,0.971522,0.965983,0.973406,0.959764,0.980061
0.968166,0.975506,0.978503,0.972709,0.972780,0.967773,0.961802,0.963828,0.967786,0.962860,0.960082,0.970252,0.972748,0.965268,0.971115,0.961166,0.976956
0.968724,0.974758,0.979841,0.972709,0.973290,0.968593,0.965399,0.964046,0.968753,0.960461,0.962721,0.971139,0.971794,0.965178,0.971347,0.961973,0.977636
0.965411,0.971499,0.978057,0.968847,0.969582,0.967044,0.962145,0.960500,0.967830,0.961036,0.961353,0.969229,0.971045,0.965402,0.965836,0.959764,0.974240
0.969142,0.979993,0.980822,0.965664,0.967370,0.963195,0.960946,0.957063,0.963083,0.962284,0.957688,0.965988,0.968252,0.979706,0.959833,0.957002,0.969776
1.02270,1.04244,1.01739,1.01817,0.970840,0.977612,0.984498,0.968683,0.992309,0.972361,0.964186,0.965885,0.983240,0.999911,0.959282,0.959509,0.994809
1.03121,1.06486,1.06378,1.09291,0.988772,1.02152,1.00702,0.995635,1.04755,0.985701,0.987248,0.971856,0.992165,0.999687,0.961805,0.963248,1.03182
1.01370,1.04509,1.07180,1.09108,1.05015,1.03956,1.01482,1.00082,1.05349,0.991651,1.00215,0.988469,0.996389,0.995619,0.965459,0.965797,1.02338
1.01695,1.04207,1.05477,1.05314,1.08238,1.03544,1.01353,1.00147,1.04070,0.983013,1.01075,1.00887,0.999046,0.989853,0.967837,0.968389,1.01286
1.02085,1.04680,1.04620,1.04754,1.06594,1.02505,1.01721,1.00311,1.04017,0.974376,1.01427,1.02426,1.00014,0.980063,0.974247,0.969748,1.01713
1.02026,1.04752,1.04415,1.05445,1.03556,1.02038,1.01242,1.00338,1.04206,0.968810,1.01349,1.02647,1.00007,0.970989,0.981033,0.970938,1.02018
1.01911,1.04677,1.04201,1.05798,1.02093,1.01981,1.01113,1.00169,1.04083,0.963148,1.01036,1.02265,0.997820,0.967145,0.988428,0.970088,1.02038
1.01914,1.04335,1.03925,1.05925,1.01885,1.01733,1.00891,1.00038,1.03722,0.959117,1.00557,1.01634,0.996866,0.962541,0.991880,0.971193,1.01936
1.01771,1.04066,1.03541,1.05284,1.01875,1.00770,1.00300,0.995744,1.03424,0.960173,0.996824,1.01003,0.994482,0.961691,0.994867,0.969706,1.01800
1.01715,1.03355,1.02569,1.03625,1.01068,0.994967,0.991350,0.987615,1.02712,0.958253,0.985684,1.00218,0.990939,0.959948,0.991155,0.965712,1.01790
1.01468,1.02324,1.01846,1.01311,1.00034,0.988362,0.985868,0.979704,1.02430,0.956142,0.979528,0.993552,0.990871,0.959278,0.989560,0.966562,1.01548
1.00774,1.01125,1.00696,0.997114,0.991120,0.983169,0.981415,0.973703,1.01393,0.956718,0.974447,0.987378,0.988554,0.960440,0.985876,0.965245,1.01227
0.999477,1.00286,0.996165,0.987097,0.984587,0.979138,0.974135,0.970593,1.00123,0.956142,0.972199,0.982499,0.985420,0.960753,0.983266,0.964140,1.00747
0.992050,0.996581,0.987155,0.982301,0.982409,0.977179,0.971651,0.967265,0.989496,0.956430,0.968730,0.980043,0.982559,0.960932,0.981178,0.962823,1.00039
0.984972,0.991345,0.982071,0.979288,0.978530,0.974241,0.968911,0.965519,0.980970,0.957390,0.967020,0.977177,0.978539,0.961155,0.977408,0.962228,0.992869
0.980160,0.986644,0.978325,0.974661,0.976829,0.971098,0.965656,0.963228,0.975565,0.957390,0.962867,0.975062,0.975065,0.961691,0.974566,0.961293,0.988308
0.975349,0.983252,0.976808,0.971054,0.974685,0.969048,0.961031,0.960936,0.971170,0.958829,0.960229,0.971446,0.972067,0.959859,0.971695,0.959636,0.983311
0.974059,0.978364,0.974668,0.970927,0.972984,0.967499,0.963344,0.960172,0.970467,0.959117,0.961255,0.970696,0.971113,0.960350,0.969462,0.959891,0.980886
0.971025,0.977135,0.975203,0.970120,0.972848,0.967112,0.961374,0.961700,0.968533,0.959309,0.960571,0.970934,0.970773,0.961110,0.967808,0.960146,0.978897
0.968305,0.975265,0.972795,0.968932,0.971929,0.965586,0.956235,0.959572,0.964973,0.964491,0.960717,0.969467,0.969546,0.960842,0.965923,0.957469,0.977538
0.968515,0.975105,0.973954,0.970290,0.971045,0.965450,0.957948,0.960882,0.964973,0.961612,0.959594,0.968990,0.968661,0.960842,0.965024,0.958489,0.976811
0.968096,0.973769,0.974846,0.970163,0.972712,0.965951,0.959661,0.960172,0.967171,0.959213,0.958225,0.968888,0.967707,0.961155,0.965430,0.959976,0.976083
0.967259,0.973422,0.975827,0.969314,0.970909,0.965017,0.955721,0.958536,0.967039,0.958829,0.960033,0.969843,0.968047,0.960976,0.963545,0.958659,0.973609
0.964226,0.970724,0.974311,0.965494,0.969684,0.964083,0.956578,0.957499,0.965764,0.955662,0.958568,0.968376,0.967639,0.958339,0.960355,0.958107,0.970019
0.966597,0.975799,0.979663,0.964433,0.968493,0.961715,0.956663,0.956353,0.965808,0.955182,0.955245,0.967216,0.967298,0.974208,0.956179,0.956875,0.968272
1.01318,1.02885,1.00482,1.00539,0.968969,0.973307,0.976961,0.965956,0.984706,0.963052,0.959594,0.967591,0.977381,0.993518,0.955860,0.959466,0.983942
1.02838,1.06077,1.05209,1.08370,0.984348,1.01348,0.994090,0.988379,1.03903,0.980998,0.980994,0.971310,0.984807,0.995485,0.956672,0.961293,1.02372
1.00983,1.04541,1.06859,1.09096,1.03818,1.03535,1.00754,0.995963,1.05230,0.986756,0.998241,0.983489,0.990939,0.991954,0.958905,0.964310,1.02086
1.01402,1.04049,1.05459,1.05641,1.07748,1.03464,1.01079,0.997763,1.04241,0.978311,1.00366,1.00549,0.992165,0.986053,0.962269,0.963885,1.01067
1.01824,1.04389,1.04433,1.04898,1.06924,1.02428,1.01387,0.999182,1.04188,0.968810,1.00870,1.02265,0.995027,0.974431,0.968939,0.966902,1.01436
1.01618,1.04397,1.04246,1.05246,1.03852,1.01754,1.00908,0.998472,1.03907,0.963724,1.00904,1.02596,0.995231,0.967100,0.975117,0.968219,1.01717
1.01444,1.04306,1.03889,1.05513,1.02086,1.01708,1.00385,0.997818,1.03714,0.958061,1.00464,1.02105,0.994141,0.962004,0.980598,0.966944,1.01499
1.01328,1.03991,1.03416,1.05543,1.01831,1.01455,1.00377,0.995417,1.03533,0.955086,0.999414,1.01539,0.991484,0.958741,0.985557,0.967921,1.01363
1.01210,1.03510,1.02854,1.04766,1.01715,1.00451,0.994861,0.989088,1.03169,0.952303,0.991157,1.00832,0.987737,0.957221,0.985383,0.964990,1.01247
1.01262,1.02807,1.02185,1.02971,1.00888,0.991391,0.985954,0.984942,1.02694,0.951823,0.981971,1.00116,0.985965,0.956774,0.984832,0.962780,1.01082
1.00767,1.01840,1.01677,1.00980,0.999388,0.985606,0.979873,0.976267,1.02285,0.950672,0.975717,0.994098,0.985216,0.957087,0.983005,0.964013,1.00873
1.00237,1.00700,1.00767,0.993634,0.990847,0.980800,0.974992,0.970702,1.01485,0.951248,0.972346,0.987071,0.985284,0.955567,0.979960,0.963630,1.00733
0.995153,0.999893,0.997413,0.985230,0.985267,0.977817,0.973621,0.967047,1.00198,0.951823,0.970538,0.981169,0.980992,0.957847,0.979148,0.961973,1.00267
0.987901,0.992307,0.987869,0.979500,0.981048,0.973990,0.971394,0.964210,0.990947,0.951056,0.966483,0.977314,0.979084,0.958115,0.976161,0.961506,0.997380
0.982218,0.987846,0.980555,0.974661,0.978326,0.970779,0.966855,0.962409,0.982772,0.952207,0.963893,0.974482,0.975065,0.957668,0.972797,0.959636,0.989230
0.978243,0.983572,0.976095,0.973643,0.975026,0.968365,0.967626,0.960227,0.977762,0.950864,0.961890,0.973152,0.974383,0.958741,0.970215,0.958532,0.983748
0.974093,0.980768,0.974668,0.973176,0.972882,0.966588,0.965057,0.958972,0.973631,0.952399,0.960620,0.971548,0.971658,0.958071,0.968156,0.959084,0.982196
0.971897,0.976734,0.973776,0.969696,0.969786,0.964288,0.958890,0.957281,0.968533,0.951919,0.956809,0.967966,0.968592,0.957445,0.964850,0.956662,0.977781
0.969595,0.975372,0.972795,0.969399,0.970568,0.964015,0.958804,0.957335,0.966995,0.952687,0.956418,0.968137,0.966889,0.957847,0.963371,0.958234,0.975404
0.968654,0.974678,0.971278,0.971139,0.970398,0.964448,0.962316,0.959900,0.968269,0.952399,0.959007,0.968785,0.966344,0.958831,0.963980,0.957639,0.975598
0.965795,0.971713,0.971635,0.967192,0.969411,0.962580,0.955379,0.956681,0.963655,0.951535,0.956271,0.966841,0.963210,0.958071,0.960674,0.955515,0.971668
0.964993,0.970778,0.971724,0.967446,0.966893,0.962056,0.956149,0.956899,0.963655,0.951823,0.956760,0.965544,0.963551,0.956774,0.959456,0.955175,0.969534
0.966074,0.971071,0.972884,0.967361,0.968118,0.962056,0.958119,0.958263,0.965764,0.948177,0.956515,0.967250,0.965459,0.958607,0.958383,0.956662,0.970650
0.965133,0.970190,0.972884,0.969059,0.969037,0.962922,0.959061,0.957554,0.966907,0.949520,0.957639,0.967489,0.965322,0.958652,0.959978,0.956960,0.970844
0.965342,0.970911,0.974668,0.967786,0.968561,0.961874,0.958205,0.957226,0.966028,0.946353,0.956662,0.965544,0.964232,0.958831,0.959572,0.955388,0.969146
0.963424,0.969335,0.978236,0.966300,0.968289,0.961327,0.958291,0.955317,0.965237,0.947313,0.955392,0.966329,0.963619,0.958026,0.960152,0.956620,0.966380
0.961506,0.969522,0.978682,0.964772,0.967336,0.960394,0.956492,0.956735,0.962688,0.948656,0.952802,0.964657,0.959872,0.958250,0.960761,0.955345,0.967108
0.961890,0.968961,0.981536,0.965791,0.967336,0.960690,0.955978,0.956735,0.964534,0.948368,0.953242,0.965783,0.961643,0.959993,0.963951,0.955812,0.967302
0.960321,0.971125,0.981179,0.966130,0.967166,0.961031,0.954608,0.956353,0.964270,0.953359,0.953486,0.964316,0.960213,0.960038,0.961631,0.955897,0.966041
0.959693,0.969629,0.981001,0.963966,0.964988,0.959118,0.952552,0.953898,0.962336,0.952111,0.953242,0.963361,0.960008,0.960082,0.956498,0.955345,0.964877
0.960530,0.968667,0.980109,0.964857,0.965056,0.960302,0.955550,0.954771,0.964094,0.950384,0.952900,0.964862,0.958782,0.957892,0.955222,0.956152,0.964149
0.959833,0.969362,0.981090,0.964348,0.965294,0.960143,0.951525,0.954662,0.961501,0.951823,0.951923,0.964043,0.958032,0.957400,0.951684,0.954325,0.963615
0.957043,0.967465,0.981001,0.964475,0.963865,0.958412,0.947071,0.954007,0.958117,0.952111,0.949480,0.960734,0.958032,0.954629,0.948319,0.951904,0.962208
0.958996,0.969148,0.981893,0.966428,0.964886,0.959824,0.953237,0.955753,0.962073,0.950384,0.952069,0.961894,0.957828,0.956417,0.949943,0.952966,0.963227
0.959519,0.968721,0.981804,0.964093,0.964682,0.958048,0.953066,0.954771,0.959831,0.948752,0.951678,0.960564,0.956806,0.954763,0.948435,0.952711,0.963470
0.955126,0.969335,0.983498,0.960740,0.962776,0.955611,0.944930,0.950734,0.955744,0.953551,0.948942,0.958994,0.955784,0.955255,0.946057,0.950884,0.959637
0.956904,0.971419,0.983409,0.961122,0.962743,0.955656,0.948955,0.952480,0.957150,0.952399,0.948942,0.959745,0.955784,0.954092,0.947333,0.951436,0.960704
0.957252,0.971926,0.984390,0.961886,0.962198,0.956567,0.949983,0.951825,0.957590,0.952111,0.949235,0.958551,0.957487,0.953422,0.945361,0.951564,0.961384
0.956416,0.969522,0.982963,0.960019,0.960293,0.955019,0.948955,0.952643,0.957326,0.949424,0.949382,0.956504,0.955648,0.952573,0.943563,0.951266,0.959152
0.956764,0.969175,0.985015,0.961632,0.960327,0.954814,0.948784,0.952698,0.956623,0.949616,0.948649,0.958176,0.955307,0.953824,0.944665,0.950714,0.960171
0.957252,0.969175,0.983944,0.962395,0.962232,0.956431,0.948955,0.952916,0.957634,0.949808,0.948844,0.958107,0.954013,0.953154,0.945245,0.951734,0.960316
0.955753,0.969843,0.984301,0.962905,0.960735,0.955702,0.948356,0.952370,0.955173,0.951535,0.948698,0.956879,0.953672,0.952573,0.943302,0.950671,0.958473
0.955962,0.971152,0.983855,0.962480,0.959748,0.955770,0.951353,0.952480,0.958249,0.948177,0.950066,0.959472,0.955852,0.953467,0.943650,0.949779,0.958230
0.956660,0.971445,0.985907,0.963754,0.961722,0.956476,0.953323,0.952589,0.959128,0.947505,0.949919,0.960052,0.957147,0.953556,0.943795,0.952286,0.959152
0.955126,0.968881,0.982696,0.962098,0.959952,0.954882,0.945786,0.950788,0.956140,0.949136,0.948893,0.957050,0.953877,0.953467,0.943244,0.949609,0.958812
