Det0.000000,Det0.000000,Det0.000000,Det0.000000,Det0.000000,Det0.000000,Det0.000000,Det0.000000,Det0.000000,Det0.000000,Det0.000000,Det0.000000,Det0.000000,Det0.000000,Det0.000000,Det0.000000,Det0.000000
1.00103,1.00227,1.00468,1.00080,1.00081,1.00086,1.00000,1.00135,1.00061,1.00481,1.00271,1.00144,1.00023,1.00151,0.999619,1.00262,1.00164
1.00205,1.00173,1.00277,1.00128,1.00118,1.00090,0.999551,1.00183,0.999771,1.00321,1.00068,0.999885,1.00082,1.00159,1.00022,1.00313,1.00000
1.00090,1.00193,1.00035,0.999522,1.00100,1.00069,1.00165,1.00106,1.00153,1.00189,1.00017,0.999769,1.00023,1.00151,1.00065,1.00153,0.999051
1.00193,1.00158,1.00156,1.00359,1.00137,1.00167,1.00239,1.00164,1.00359,0.999126,1.00076,1.00156,1.00257,1.00223,1.00060,1.00240,1.00104
1.00096,1.00168,1.00156,1.00207,1.00174,1.00094,1.00090,1.00231,1.00428,0.997085,1.00042,1.00162,1.00164,1.00278,1.00114,1.00189,0.999827
1.00122,1.00079,1.00399,1.00207,1.00230,1.00196,1.00179,1.00048,1.00176,1.00131,1.00322,1.00242,1.00292,1.00119,1.00027,1.00087,1.00173
1.00314,1.00336,1.00260,1.00303,1.00125,1.00225,1.00120,1.00058,1.00268,1.00233,1.00085,1.00358,1.00409,1.00302,1.00245,1.00546,1.00216
1.00276,1.00183,1.00156,1.00056,1.00311,1.00155,1.00359,1.00154,1.00306,1.00481,1.00085,1.00387,1.00257,1.00207,1.00202,1.00327,1.00336
1.00244,1.00222,1.00104,1.00247,1.00025,1.00123,1.00254,1.00135,1.00283,1.00233,1.00051,1.00277,1.00152,1.00199,1.00403,1.00291,1.00164
1.00167,1.00143,1.00260,1.00159,1.00125,1.00041,0.998504,1.00202,1.00031,1.00102,1.00042,1.00098,0.999416,1.00191,1.00131,0.999636,1.00147
0.999422,1.00054,1.00104,1.00016,1.00006,0.999796,1.00060,1.00087,0.999924,1.00117,1.00127,0.999596,0.999533,1.00095,0.999510,0.999782,0.999310
0.999679,1.00109,1.00243,1.00000,0.999502,0.998203,0.996710,0.999615,0.998776,1.00379,0.999067,0.998269,0.999766,0.999761,0.999564,1.00073,1.00043
0.998717,0.998864,1.00087,0.999442,0.999751,0.999428,0.998504,0.999422,0.999924,1.00160,0.998304,0.998269,0.998715,1.00175,0.998147,0.998982,0.998447
0.998973,0.998716,1.00104,0.997130,0.999253,0.997223,0.999103,0.997881,0.999006,1.00219,0.997710,0.998096,0.997781,0.999682,0.996404,0.996872,0.996894
0.998652,0.998420,1.00191,0.997688,0.997136,0.998652,0.995513,0.997689,0.996558,1.00117,0.996862,0.998962,0.997314,0.999602,0.995260,0.997890,0.997153
0.998909,0.999506,1.00121,0.997130,0.996513,0.996610,0.993718,0.997689,0.996558,1.00408,0.997456,0.998962,0.995211,0.998887,0.994824,0.996581,0.995342
0.996342,0.998519,0.999306,0.996731,0.999626,0.995752,0.995513,0.997304,0.995793,1.00131,0.996184,0.996769,0.994394,0.997057,0.993026,0.996726,0.996377
0.996663,0.999161,1.00087,0.997209,0.997696,0.996529,0.994616,0.996918,0.994646,1.00291,0.995335,0.997173,0.995912,0.997455,0.993625,0.996726,0.994306
0.997305,0.998222,0.996879,0.997289,0.997323,0.996161,0.992522,0.995955,0.994646,1.00262,0.997201,0.995039,0.996846,0.998091,0.991772,0.996363,0.996463
0.996406,0.997087,0.999480,0.996890,0.998755,0.996202,0.993419,0.996148,0.994646,1.00510,0.996268,0.995731,0.995562,0.997932,0.992481,0.996654,0.995773
0.995636,0.997531,1.00035,0.994817,0.995641,0.995303,0.994466,0.994896,0.992811,1.00000,0.993978,0.996308,0.996262,0.996341,0.990792,0.995853,0.995083
0.993904,0.997284,0.997052,0.995455,0.996887,0.995630,0.993718,0.997207,0.994570,0.999563,0.995420,0.994635,0.994043,0.996898,0.991446,0.994617,0.996204
0.995572,0.997235,0.997052,0.995854,0.996513,0.995058,0.991475,0.995281,0.993958,0.999854,0.994487,0.993827,0.994861,0.995148,0.990138,0.995199,0.995083
0.994032,0.997037,0.996705,0.993382,0.994770,0.995548,0.995663,0.993740,0.996329,0.997377,0.994487,0.991866,0.993109,0.994194,0.990356,0.995853,0.994651
0.994224,0.995655,0.997399,0.994498,0.995517,0.994813,0.992522,0.994896,0.994111,0.997377,0.994996,0.992789,0.994043,0.995387,0.992045,0.997236,0.994306
0.995380,0.994519,0.994798,0.992984,0.996140,0.994078,0.991624,0.994511,0.994111,0.995337,0.992621,0.992327,0.993459,0.995466,0.991500,0.994326,0.992322
0.995315,0.995112,0.994278,0.991867,0.994770,0.994731,0.989979,0.993163,0.995641,0.994608,0.993978,0.992212,0.992759,0.993319,0.990574,0.994035,0.992926
0.995059,0.993927,0.995838,0.993861,0.994458,0.994037,0.992372,0.994415,0.993040,0.993151,0.993470,0.992962,0.992642,0.994035,0.990628,0.995999,0.992150
0.995187,0.994815,0.992717,0.993382,0.996015,0.994977,0.992671,0.993740,0.996635,0.993879,0.993470,0.994231,0.992058,0.994512,0.991772,0.994253,0.994824
0.997176,0.995013,0.990116,0.993462,0.995330,0.994895,0.992372,0.994415,0.995793,0.990965,0.993470,0.992327,0.993343,0.996500,0.990955,0.996581,0.994393
0.996535,0.993433,0.993411,0.992904,0.996638,0.995793,0.989830,0.995763,0.994340,0.993879,0.994487,0.992212,0.993693,0.995466,0.993080,0.995490,0.994393
0.996856,0.996692,0.998439,0.993621,0.995704,0.993996,0.989979,0.993837,0.992964,0.998106,0.994063,0.993596,0.994160,0.995864,0.991663,0.998036,0.996894
0.998781,0.995507,0.997919,0.992505,0.996326,0.994977,0.987586,0.993644,0.994493,0.999417,0.993130,0.994808,0.996146,0.994671,0.996131,0.997236,0.995773
0.995765,0.995161,0.997746,0.991628,0.996389,0.993343,0.986988,0.993163,0.993881,0.995774,0.993215,0.993193,0.994277,0.993717,0.994715,0.995490,0.993789
0.994802,0.994914,0.995145,0.990432,0.994085,0.992118,0.986240,0.992007,0.992811,0.997960,0.992028,0.992673,0.991824,0.994114,0.991827,0.993744,0.992322
0.994353,0.994420,0.994798,0.989236,0.994521,0.991587,0.989680,0.991718,0.992428,0.998834,0.991349,0.991923,0.992292,0.995466,0.992808,0.993016,0.992236
0.993711,0.994272,0.995838,0.987721,0.994583,0.991628,0.989680,0.990370,0.992199,0.997523,0.991010,0.991808,0.991474,0.994353,0.991827,0.991925,0.993012
0.992877,0.993038,0.994625,0.989236,0.993088,0.989381,0.988184,0.989599,0.990746,0.996648,0.991434,0.991923,0.990540,0.993717,0.989811,0.993962,0.993185
0.993262,0.991853,0.994798,0.987562,0.992341,0.989953,0.986689,0.990273,0.990287,0.998397,0.989484,0.988981,0.989488,0.992365,0.990247,0.991125,0.992926
0.991722,0.990223,0.992890,0.987004,0.989601,0.988932,0.987437,0.987288,0.991052,0.994317,0.990332,0.988981,0.990072,0.993637,0.991228,0.990470,0.992236
0.992748,0.991260,0.994104,0.989236,0.991781,0.988850,0.989979,0.988444,0.990057,0.994317,0.988551,0.989558,0.987503,0.991410,0.990574,0.990470,0.989993
0.992492,0.990618,0.992370,0.988120,0.990598,0.988279,0.989231,0.988059,0.987533,0.996211,0.989992,0.989039,0.989488,0.991331,0.989756,0.989815,0.991632
0.990823,0.990124,0.994971,0.986366,0.989290,0.986727,0.988035,0.986710,0.988528,0.996503,0.988805,0.989039,0.986802,0.992206,0.987631,0.989233,0.992150
0.992363,0.990964,0.993758,0.985808,0.987796,0.987952,0.988633,0.987866,0.989293,0.992276,0.987872,0.989097,0.988671,0.992046,0.988830,0.990615,0.991373
0.992235,0.990026,0.991157,0.985728,0.990162,0.986645,0.988633,0.986518,0.988528,0.993588,0.986770,0.988808,0.989956,0.990217,0.988394,0.989233,0.989993
0.992171,0.989532,0.993411,0.984691,0.988045,0.987176,0.986390,0.986421,0.985545,0.994754,0.988720,0.987827,0.987269,0.990376,0.988176,0.987487,0.987664
0.990053,0.990174,0.992197,0.985090,0.986862,0.985828,0.986390,0.986614,0.986922,0.994754,0.987448,0.988116,0.985985,0.990694,0.986978,0.988142,0.990511
0.989668,0.987112,0.992717,0.986446,0.987609,0.986032,0.985043,0.986710,0.986080,0.992714,0.987872,0.987770,0.987152,0.990376,0.987849,0.986105,0.988958
0.988770,0.987952,0.995492,0.987482,0.986551,0.986073,0.986689,0.985555,0.986004,0.991985,0.987618,0.986731,0.986685,0.990058,0.987196,0.986687,0.987233
0.989604,0.987557,0.993237,0.987083,0.986239,0.984930,0.982949,0.984495,0.985545,0.992714,0.987363,0.987885,0.986335,0.989501,0.986705,0.984505,0.987060
0.989283,0.987211,0.993237,0.988678,0.985679,0.984644,0.983249,0.985266,0.984627,0.993005,0.986176,0.987712,0.986685,0.989501,0.987740,0.985523,0.988785
0.990888,0.986421,0.993237,0.988678,0.986426,0.985665,0.983249,0.985747,0.987304,0.993151,0.987024,0.985808,0.986569,0.991331,0.987686,0.986251,0.987664
0.986973,0.989631,0.994451,0.988997,0.985181,0.985093,0.984744,0.986036,0.984933,0.991402,0.987702,0.987424,0.986218,0.989740,0.987795,0.984650,0.989562
0.987679,0.989384,0.992024,0.988200,0.984994,0.986114,0.985642,0.987962,0.985469,0.992568,0.985837,0.987943,0.984466,0.990217,0.987740,0.985305,0.988440
0.989604,0.989927,0.990290,0.989555,0.985367,0.985583,0.986390,0.986614,0.986845,0.987613,0.987109,0.988923,0.986569,0.989660,0.987305,0.986251,0.988872
0.990246,0.989236,0.990290,0.991867,0.985243,0.985828,0.986689,0.987673,0.986233,0.988925,0.986176,0.989904,0.988320,0.989740,0.987414,0.987633,0.988872
0.991465,0.990273,0.992197,0.987562,0.985243,0.986481,0.986838,0.986903,0.987074,0.992568,0.987702,0.989039,0.987737,0.989183,0.987087,0.987560,0.989821
0.989797,0.990766,0.992197,0.989635,0.984247,0.986441,0.984595,0.986807,0.986233,0.992276,0.989229,0.989385,0.988320,0.989978,0.986160,0.987051,0.990511
0.991016,0.990322,0.994971,0.990113,0.984433,0.985787,0.985193,0.985940,0.986616,0.990965,0.987957,0.990135,0.988671,0.989740,0.988503,0.988506,0.990769
0.990823,0.989976,0.991503,0.989475,0.985056,0.986114,0.985043,0.986807,0.986539,0.991548,0.987618,0.988289,0.988904,0.989660,0.986651,0.986542,0.988872
0.988834,0.989878,0.989769,0.988838,0.983001,0.984603,0.983099,0.987673,0.986004,0.990965,0.986176,0.987481,0.987386,0.988945,0.985506,0.985159,0.987836
0.986973,0.988396,0.988902,0.987721,0.984869,0.985501,0.982501,0.986518,0.985086,0.989945,0.987618,0.988693,0.986335,0.988308,0.983654,0.985596,0.986542
0.989091,0.990174,0.990116,0.987323,0.986177,0.984399,0.986390,0.984977,0.985010,0.991110,0.984056,0.986904,0.985985,0.988547,0.984744,0.984941,0.987578
0.986909,0.989137,0.986648,0.986605,0.986115,0.983827,0.983548,0.982184,0.981644,0.990090,0.984310,0.986558,0.983532,0.987911,0.983272,0.985523,0.985421
0.985946,0.988199,0.989943,0.986924,0.984558,0.982847,0.978762,0.984784,0.982945,0.989653,0.985158,0.986385,0.982598,0.988388,0.981039,0.984286,0.986197
0.985433,0.987952,0.991157,0.987323,0.986364,0.982234,0.981603,0.984881,0.981721,0.990819,0.982359,0.984654,0.982714,0.987592,0.983490,0.983995,0.988526
0.988192,0.987656,0.988902,0.986765,0.985866,0.981948,0.978612,0.983340,0.984245,0.991256,0.983716,0.985693,0.983999,0.987195,0.984798,0.984214,0.987664
0.984855,0.988297,0.988382,0.985648,0.984932,0.980845,0.979809,0.984206,0.980574,0.990528,0.983716,0.986327,0.985284,0.988149,0.984253,0.985305,0.984472
0.985048,0.987458,0.989249,0.984532,0.984683,0.980845,0.978163,0.984014,0.981491,0.992131,0.983377,0.984193,0.982948,0.985922,0.983109,0.983413,0.984041
0.983315,0.985483,0.990810,0.983495,0.983375,0.980396,0.979510,0.983629,0.981797,0.990090,0.981851,0.982405,0.983765,0.988229,0.983327,0.984505,0.984299
0.984406,0.985483,0.986128,0.982778,0.984869,0.980151,0.975621,0.982280,0.981874,0.988633,0.982190,0.984770,0.982247,0.985684,0.984798,0.983850,0.982919
0.983572,0.986717,0.986301,0.983177,0.985056,0.980396,0.976967,0.982762,0.981185,0.987904,0.982444,0.982462,0.984349,0.987354,0.982891,0.982540,0.984558
0.985304,0.985187,0.986995,0.981263,0.985118,0.980764,0.976967,0.983725,0.980727,0.988633,0.983547,0.985693,0.983999,0.985604,0.983981,0.983122,0.984213
0.983828,0.984693,0.988556,0.980227,0.983313,0.979824,0.977416,0.982184,0.980497,0.989216,0.982105,0.982462,0.983181,0.987195,0.985179,0.983195,0.983264
0.984470,0.982915,0.983007,0.980466,0.984309,0.979579,0.978612,0.983436,0.981874,0.985281,0.981681,0.983212,0.982948,0.984809,0.984253,0.984650,0.983437
0.983572,0.983458,0.988209,0.981502,0.983624,0.979334,0.974574,0.981606,0.978891,0.986447,0.980409,0.983904,0.982247,0.986002,0.984689,0.982322,0.983178
0.984663,0.982471,0.986648,0.981901,0.983562,0.978967,0.976518,0.980836,0.981797,0.984990,0.981681,0.984020,0.982948,0.985127,0.984471,0.980794,0.985507
0.985176,0.982422,0.985434,0.981263,0.984620,0.980764,0.978612,0.982377,0.982792,0.982804,0.981427,0.984654,0.982247,0.984729,0.983763,0.982613,0.984472
0.984791,0.982175,0.984914,0.983894,0.985430,0.981172,0.980556,0.981703,0.981491,0.981492,0.983208,0.985116,0.982364,0.985525,0.984798,0.983559,0.985766
0.984663,0.981977,0.983700,0.983974,0.984807,0.981907,0.981753,0.984014,0.982409,0.981201,0.982359,0.983789,0.983882,0.985365,0.985888,0.986323,0.983954
0.985625,0.982027,0.985955,0.982220,0.986924,0.982193,0.980108,0.981895,0.984321,0.981492,0.982868,0.985981,0.984466,0.984172,0.983981,0.984068,0.985335
0.987615,0.980644,0.987515,0.981582,0.984683,0.983745,0.982650,0.984206,0.983327,0.982658,0.981681,0.985174,0.986452,0.985763,0.985343,0.985669,0.987319
0.987101,0.982915,0.986301,0.983017,0.983250,0.981867,0.980257,0.982184,0.981033,0.987613,0.983886,0.986212,0.985284,0.984809,0.983817,0.986614,0.986629
0.985754,0.981582,0.987515,0.982220,0.981258,0.981376,0.977864,0.981606,0.981185,0.986739,0.981766,0.986616,0.985517,0.985604,0.983000,0.983341,0.985421
0.985625,0.981335,0.985608,0.981422,0.980947,0.980314,0.979061,0.979777,0.980344,0.986301,0.981596,0.984251,0.982714,0.985286,0.983872,0.982540,0.984731
0.984085,0.981582,0.988209,0.982618,0.980822,0.981254,0.979510,0.980258,0.980191,0.987759,0.983123,0.985289,0.981196,0.986399,0.982946,0.982322,0.984299
0.984021,0.981928,0.986648,0.979987,0.980386,0.981826,0.979061,0.981029,0.981185,0.982950,0.981596,0.983904,0.980729,0.985445,0.983000,0.983413,0.982660
0.983379,0.979558,0.985434,0.978472,0.981445,0.980274,0.976967,0.978621,0.979044,0.986156,0.981511,0.982866,0.982831,0.983775,0.981311,0.982104,0.983437
0.982930,0.980150,0.983353,0.979748,0.980448,0.979743,0.976668,0.980451,0.980191,0.983095,0.980578,0.982001,0.979678,0.983377,0.980112,0.982613,0.983437
0.982545,0.979805,0.985261,0.981901,0.980697,0.978191,0.979061,0.979006,0.981721,0.985864,0.980663,0.981193,0.980145,0.983854,0.982619,0.980722,0.983609
0.982160,0.980002,0.985087,0.979908,0.979328,0.977660,0.977416,0.980162,0.980650,0.983970,0.980324,0.982231,0.981313,0.985047,0.981202,0.980285,0.981712
0.982353,0.979656,0.981966,0.978791,0.977522,0.976557,0.978014,0.979199,0.977973,0.985135,0.978119,0.981597,0.981897,0.983457,0.980984,0.980285,0.981108
0.982994,0.980693,0.983353,0.979349,0.978207,0.977946,0.979061,0.977369,0.978738,0.982367,0.979052,0.980443,0.982364,0.982979,0.981910,0.981158,0.981108
0.982673,0.980101,0.983007,0.978951,0.977335,0.976680,0.977715,0.978140,0.978891,0.982367,0.979052,0.980039,0.981780,0.981786,0.980875,0.980212,0.981453
0.982866,0.981582,0.985087,0.980545,0.976277,0.977456,0.978762,0.980547,0.977438,0.984698,0.978119,0.981481,0.979327,0.981389,0.980276,0.980794,0.982057
0.982224,0.982372,0.983527,0.976798,0.976650,0.976598,0.975770,0.977947,0.976214,0.981929,0.978543,0.979520,0.981196,0.981389,0.979458,0.981304,0.982229
0.981903,0.981829,0.984741,0.979030,0.976463,0.975536,0.978612,0.978043,0.978432,0.982221,0.978713,0.979751,0.979678,0.981150,0.979676,0.980867,0.982315
0.981454,0.981434,0.982833,0.979828,0.976277,0.975454,0.978762,0.977562,0.977438,0.983532,0.976847,0.979751,0.980846,0.981389,0.979622,0.979921,0.979382
0.981903,0.980545,0.982660,0.979030,0.974409,0.975618,0.978014,0.976984,0.976826,0.983241,0.979137,0.978597,0.981546,0.981389,0.981039,0.979048,0.979900
0.982096,0.981385,0.983353,0.978313,0.976339,0.975413,0.978463,0.975732,0.976826,0.984698,0.978204,0.980039,0.979444,0.982184,0.980221,0.978757,0.980245
0.982160,0.978224,0.979192,0.980067,0.975467,0.973862,0.976967,0.977176,0.978662,0.980472,0.974981,0.979347,0.980262,0.982661,0.979023,0.979703,0.980676
0.981839,0.978570,0.981793,0.979589,0.975841,0.973412,0.975770,0.976117,0.977820,0.981638,0.975659,0.979635,0.978743,0.981786,0.979295,0.978248,0.978951
0.980684,0.978916,0.979539,0.980147,0.977211,0.972677,0.977565,0.978332,0.977438,0.976683,0.977864,0.978366,0.979794,0.980673,0.978750,0.978248,0.978520
0.980171,0.977780,0.975204,0.982060,0.976961,0.972677,0.978163,0.975732,0.976673,0.976683,0.975490,0.978943,0.977342,0.980116,0.981420,0.978976,0.979727
0.982673,0.979113,0.978152,0.982060,0.977771,0.976108,0.978163,0.978043,0.979350,0.975663,0.977440,0.980616,0.980495,0.982741,0.982673,0.980722,0.979727
0.983123,0.980002,0.975897,0.981981,0.978207,0.977537,0.981753,0.977562,0.978662,0.975080,0.978034,0.982001,0.980612,0.981230,0.981910,0.981158,0.980417
0.982160,0.978323,0.980926,0.981821,0.978394,0.977006,0.976069,0.980162,0.978891,0.979452,0.978628,0.980443,0.980028,0.982502,0.981311,0.981231,0.980504
0.983443,0.979261,0.980232,0.980785,0.978456,0.977211,0.977864,0.978236,0.978662,0.980764,0.978628,0.980558,0.981663,0.983298,0.981856,0.981667,0.981021
0.984278,0.979607,0.982140,0.984373,0.977771,0.979988,0.980856,0.977273,0.979120,0.980326,0.978713,0.980501,0.980962,0.980434,0.980603,0.981958,0.980676
0.983251,0.981088,0.980753,0.982220,0.978767,0.976965,0.979210,0.976984,0.977591,0.980618,0.979476,0.979866,0.980846,0.981707,0.981093,0.979194,0.980159
0.982032,0.980298,0.978672,0.982060,0.977460,0.978150,0.977266,0.976021,0.977744,0.984115,0.977271,0.981020,0.978276,0.981150,0.980603,0.980358,0.980245
0.983187,0.981138,0.979192,0.981183,0.977024,0.976149,0.977116,0.978236,0.976979,0.978286,0.976592,0.979808,0.978276,0.982900,0.979077,0.977957,0.979900
0.981390,0.980397,0.977285,0.979987,0.976961,0.976312,0.978014,0.976791,0.976138,0.979161,0.976847,0.977905,0.978626,0.980275,0.979349,0.977593,0.977226
0.979657,0.979113,0.978845,0.979509,0.976712,0.975904,0.976817,0.974962,0.974761,0.981055,0.974896,0.977501,0.977225,0.979162,0.978913,0.978175,0.979814
0.980363,0.978570,0.977111,0.977835,0.976775,0.975577,0.973826,0.975250,0.974914,0.980618,0.974557,0.976751,0.975940,0.978764,0.977715,0.977302,0.978692
0.980556,0.980002,0.983527,0.979987,0.975903,0.974638,0.974723,0.976213,0.974149,0.979452,0.977101,0.976751,0.977108,0.980116,0.977933,0.976138,0.979986
0.978502,0.977978,0.980059,0.979030,0.974222,0.975904,0.975471,0.976310,0.976444,0.981055,0.974811,0.976866,0.976524,0.979400,0.979785,0.977230,0.978002
0.978502,0.979311,0.978325,0.978871,0.975529,0.974433,0.970685,0.974095,0.973996,0.977849,0.974472,0.976347,0.977575,0.979480,0.978042,0.977230,0.979382
0.977989,0.978323,0.978845,0.978074,0.974035,0.974760,0.973228,0.975058,0.972925,0.982367,0.975235,0.975251,0.976641,0.979480,0.976897,0.977666,0.977053
0.978310,0.978224,0.980232,0.978233,0.974097,0.974107,0.974125,0.974384,0.973767,0.978578,0.973624,0.975136,0.977342,0.979162,0.977824,0.976138,0.979555
0.978759,0.978570,0.978498,0.977755,0.974284,0.974515,0.973228,0.971976,0.973078,0.979015,0.974387,0.975828,0.976057,0.980116,0.977333,0.975338,0.977312
0.978117,0.976249,0.978152,0.977516,0.972914,0.973086,0.972629,0.972747,0.973002,0.978286,0.973963,0.975078,0.976758,0.978128,0.976026,0.978467,0.976535
0.977219,0.976002,0.979539,0.977117,0.974035,0.972555,0.970835,0.971880,0.972925,0.976392,0.974218,0.975655,0.975473,0.977094,0.976843,0.974393,0.976104
0.977283,0.976941,0.979712,0.978233,0.973848,0.974229,0.974574,0.974287,0.974379,0.976683,0.974642,0.975828,0.974305,0.979321,0.977497,0.978030,0.975845
0.977219,0.977978,0.977458,0.977436,0.975280,0.972840,0.975322,0.973228,0.975449,0.976829,0.973285,0.975020,0.976407,0.976855,0.978423,0.976648,0.976622
0.976641,0.975607,0.979019,0.975841,0.974782,0.974270,0.971433,0.971880,0.973002,0.977412,0.973030,0.973809,0.975239,0.978366,0.976353,0.977593,0.976794
0.976256,0.978126,0.980059,0.976399,0.975343,0.972840,0.972779,0.973710,0.972925,0.974789,0.972861,0.974155,0.976524,0.977651,0.977333,0.978103,0.975242
0.978631,0.977583,0.975550,0.978552,0.976027,0.974842,0.973826,0.973998,0.975449,0.974643,0.973454,0.975655,0.974772,0.979639,0.976026,0.977812,0.975328
1.00610,0.986569,0.980579,0.984771,0.977646,0.977782,0.982351,0.976599,0.980115,0.974934,0.974302,0.976809,0.979327,0.982820,0.981474,0.979194,0.985162
1.07765,1.04750,1.02376,1.04585,0.988481,0.993710,1.01810,1.00029,1.02356,0.983532,0.992282,0.984943,1.01075,1.00262,0.990301,0.991561,1.05072
1.08548,1.09515,1.10317,1.12319,1.00498,1.03994,1.05923,1.03294,1.08497,1.00058,1.02604,0.995500,1.03831,1.03078,1.00420,1.00429,1.08627
1.07412,1.09214,1.12676,1.13172,1.04602,1.07115,1.06416,1.04497,1.10532,1.02623,1.04775,1.00462,1.03959,1.04494,1.01095,1.00829,1.07945
1.07251,1.08928,1.11444,1.11290,1.09620,1.08103,1.06237,1.04488,1.10011,1.03323,1.05547,1.02365,1.04275,1.04176,1.01700,1.01208,1.06901
1.07816,1.09564,1.10075,1.10692,1.12298,1.08091,1.06401,1.04854,1.10256,1.03104,1.06064,1.05071,1.04625,1.03706,1.02169,1.01622,1.07428
1.07861,1.10355,1.10508,1.10963,1.13300,1.08201,1.06192,1.05431,1.11113,1.01924,1.06420,1.07252,1.05501,1.02132,1.02817,1.02568,1.07600
1.07829,1.10246,1.10473,1.10955,1.12528,1.08111,1.06416,1.05961,1.10922,1.01166,1.06997,1.08411,1.05793,1.00954,1.03618,1.02983,1.07678
1.07835,1.09915,1.10335,1.10756,1.11276,1.08013,1.06536,1.05894,1.10417,1.01151,1.06954,1.08486,1.05758,1.00732,1.04506,1.02728,1.07652
1.07848,1.09476,1.09901,1.10158,1.10293,1.07237,1.06551,1.05643,1.09973,1.01122,1.06361,1.07725,1.04929,1.00597,1.05231,1.02408,1.07764
1.07810,1.08779,1.08878,1.08675,1.08786,1.05975,1.06551,1.04902,1.09078,1.00758,1.05479,1.06288,1.04648,1.00453,1.05476,1.02262,1.07548
1.07624,1.07313,1.07075,1.06450,1.06874,1.04664,1.05220,1.03862,1.07358,1.00612,1.04342,1.04973,1.04146,1.00286,1.05737,1.01855,1.07264
1.07322,1.06133,1.05497,1.04632,1.05442,1.03672,1.04158,1.02802,1.05774,1.00525,1.03460,1.03646,1.03410,1.00215,1.05863,1.01710,1.06755
1.07033,1.05096,1.04352,1.03859,1.04191,1.03120,1.03246,1.02244,1.04214,1.00423,1.02799,1.02833,1.03013,1.00095,1.05639,1.01251,1.06116
1.06488,1.04321,1.03745,1.03086,1.03593,1.02651,1.02752,1.01936,1.03480,1.00510,1.02409,1.02210,1.02686,1.00270,1.05291,1.01302,1.05633
1.05403,1.03570,1.03156,1.02567,1.02939,1.02181,1.02064,1.01714,1.02585,1.00189,1.01917,1.01765,1.02301,0.999364,1.04735,1.01120,1.04814
1.04563,1.03037,1.02514,1.01794,1.02341,1.01768,1.01705,1.01136,1.02294,1.00000,1.01476,1.01488,1.01880,0.996580,1.04157,1.00757,1.04270
1.03562,1.02296,1.02202,1.01228,1.01799,1.01336,1.00972,1.00664,1.01813,0.997960,1.01069,1.01061,1.01565,0.995944,1.03433,1.00611,1.03097
1.02830,1.01896,1.01959,1.00845,1.01569,1.01058,1.00658,1.00684,1.01193,0.995337,1.00755,1.00773,1.01273,0.996103,1.03051,1.00407,1.02924
1.02490,1.01333,1.01595,1.00622,1.01438,1.00968,1.00509,1.00491,1.01101,0.994317,1.00500,1.00473,1.00993,0.994512,1.02681,1.00015,1.02355
1.02079,1.01126,1.01283,1.00462,1.01096,1.00694,1.00284,1.00318,1.00619,0.998106,1.00424,1.00358,1.00829,0.993001,1.02136,1.00138,1.02001
1.01707,1.01086,1.01040,1.00582,1.00940,1.00715,0.999850,1.00241,1.00627,0.994462,1.00390,1.00231,1.00747,0.991490,1.01869,0.998109,1.01492
1.01386,1.01037,1.01075,1.00598,1.00629,1.00404,0.998504,0.999326,1.00291,0.993151,1.00042,1.00012,1.00467,0.992762,1.01635,0.998036,1.01303
1.01033,1.01057,1.01248,1.00287,1.00623,1.00135,0.997158,0.997400,1.00375,0.991256,1.00042,0.999308,1.00058,0.992206,1.01422,0.998545,1.01156
1.01001,1.00864,1.00902,1.00231,1.00579,1.00319,0.997308,0.998363,1.00107,0.990965,1.00051,0.998269,1.00199,0.991569,1.01291,0.997527,1.01242
1.00969,1.00731,1.00815,1.00247,1.00367,1.00257,0.997457,0.997881,1.00184,0.991985,0.999576,1.00023,1.00082,0.989104,1.01308,0.997963,1.01035
1.01251,1.01047,1.01040,1.00327,1.00411,1.00294,1.00030,0.998844,1.00199,0.988196,0.998473,0.997808,1.00035,0.998568,1.01150,0.996508,1.00854
1.05865,1.05333,1.03832,1.03405,1.00735,1.00903,1.01855,1.00799,1.01660,0.996357,1.00254,0.996942,1.01121,1.02076,1.01400,0.997090,1.03330
1.07848,1.09105,1.09398,1.11011,1.02105,1.04476,1.04278,1.03168,1.06409,1.01224,1.02417,1.00288,1.02791,1.03197,1.01722,1.00226,1.07290
1.06822,1.08760,1.11254,1.12869,1.06463,1.07021,1.05654,1.04141,1.09063,1.02084,1.04351,1.01148,1.03434,1.03348,1.02174,1.00800,1.07514
1.07245,1.08419,1.10265,1.10620,1.11090,1.07846,1.05669,1.04661,1.09476,1.01734,1.05182,1.02919,1.03691,1.02688,1.02365,1.01128,1.06677
1.07681,1.08873,1.08843,1.09193,1.12173,1.07462,1.05354,1.04594,1.09262,1.00816,1.05572,1.04927,1.03994,1.01185,1.02501,1.01462,1.06781
1.07919,1.09258,1.08791,1.09863,1.11264,1.07221,1.05325,1.04911,1.09392,1.00248,1.05793,1.06473,1.04193,1.00366,1.03160,1.01761,1.07315
1.07681,1.09481,1.09034,1.10222,1.09770,1.07025,1.05325,1.04805,1.09109,1.00291,1.05979,1.06554,1.04076,1.00215,1.04136,1.01862,1.07238
1.07823,1.08992,1.08774,1.10134,1.08892,1.06722,1.05773,1.04911,1.09201,1.00598,1.05564,1.06363,1.04088,1.00429,1.05449,1.02030,1.07479
1.07868,1.08695,1.09208,1.09400,1.08450,1.06004,1.05295,1.04892,1.08864,1.00904,1.05275,1.05671,1.04111,1.00557,1.05781,1.01811,1.07453
1.07880,1.07802,1.08271,1.07455,1.07565,1.04921,1.04487,1.04074,1.07686,1.00991,1.04241,1.04627,1.03492,1.00628,1.05721,1.01637,1.07203
1.07348,1.06607,1.06641,1.05597,1.06146,1.04129,1.03335,1.03294,1.06103,1.00962,1.03545,1.03646,1.03434,1.00414,1.05269,1.01695,1.06694
1.06372,1.05343,1.05341,1.04018,1.04714,1.03402,1.02408,1.02504,1.04581,1.00641,1.02773,1.02965,1.02698,1.00286,1.04779,1.01484,1.05771
1.05166,1.04306,1.04075,1.02966,1.03549,1.02622,1.01436,1.01656,1.03358,1.00350,1.02256,1.02411,1.02348,0.999046,1.03999,1.00866,1.04900
1.03902,1.03254,1.03104,1.02217,1.02752,1.01903,1.00733,1.01117,1.02287,1.00146,1.01705,1.01638,1.01892,0.994035,1.03602,1.00524,1.04003
1.03221,1.02740,1.02376,1.01730,1.02248,1.01536,1.00359,1.00626,1.01950,0.997814,1.01306,1.01079,1.01425,0.996182,1.03106,1.00342,1.03382
1.02593,1.02207,1.02376,1.01411,1.01862,1.01409,1.00209,1.00684,1.01621,0.995920,1.01128,1.00975,1.01016,0.994751,1.03068,1.00342,1.02942
1.02535,1.01960,1.02549,1.01252,1.02092,1.01405,1.00075,1.00713,1.01109,0.996503,1.01086,1.00733,1.01016,0.993478,1.02975,1.00218,1.02502
1.02541,1.01738,1.02254,1.01156,1.02011,1.01344,1.00000,1.00751,1.00788,0.997231,1.00704,1.00704,1.00864,0.992524,1.02703,1.00189,1.02519
1.01835,1.01555,1.02081,1.00949,1.01694,1.01001,1.00045,1.00395,1.00642,0.995045,1.00500,1.00594,1.00526,0.993796,1.02070,1.00036,1.02079
1.01508,1.01353,1.01370,1.01037,1.01245,1.00776,0.998654,1.00106,1.00367,0.992568,1.00331,1.00260,1.00420,0.992285,1.01869,0.998836,1.01812
1.01213,1.01486,1.01509,1.01108,1.01002,1.00527,0.993419,0.999230,1.00298,0.994462,1.00068,1.00069,1.00350,0.992762,1.01760,0.998472,1.01518
1.01322,1.01348,1.01699,1.00949,1.01090,1.00568,0.997009,1.00029,1.00306,0.993734,1.00110,1.00150,1.00035,0.993955,1.01575,0.997090,1.01501
1.01162,1.01190,1.01613,1.01037,1.01171,1.00588,0.995962,1.00000,1.00436,0.993588,1.00017,1.00110,1.00397,0.992762,1.01537,0.997599,1.01354
1.01072,1.01111,1.01509,1.01029,1.00996,1.00588,0.996710,1.00116,1.00260,0.988196,1.00288,1.00035,1.00012,0.994512,1.01460,0.996581,1.01208
1.01239,1.01318,1.01439,1.00710,1.00922,1.00478,0.994616,1.00000,1.00000,0.988633,1.00212,0.999135,1.00058,0.998568,1.01193,0.997381,1.00897
1.04011,1.04113,1.03243,1.02583,1.00809,1.00731,1.00703,1.00144,1.00581,0.992859,1.00000,0.995904,1.00000,1.01694,1.01046,0.993453,1.01691
1.07470,1.08286,1.07751,1.09528,1.01656,1.03210,1.02617,1.02176,1.04428,1.00539,1.01340,0.999019,1.01670,1.02672,1.01553,0.996799,1.05659
1.06231,1.08266,1.10612,1.12358,1.04838,1.06253,1.03694,1.03419,1.07228,1.01457,1.03257,1.00646,1.02499,1.02704,1.01749,1.00160,1.06479
1.06231,1.07866,1.10265,1.10437,1.09707,1.07192,1.04113,1.03881,1.07755,1.01253,1.04257,1.02296,1.02441,1.02012,1.01885,1.00313,1.05771
1.06802,1.08340,1.08861,1.08874,1.11681,1.07168,1.03889,1.03900,1.07908,1.00350,1.04911,1.04275,1.02897,1.00557,1.02054,1.00727,1.05892
1.07200,1.08829,1.08583,1.09464,1.11295,1.06984,1.03634,1.04266,1.08268,1.00248,1.05258,1.05677,1.03142,1.00302,1.02746,1.01077,1.06453
1.07495,1.09540,1.09520,1.10429,1.10193,1.07151,1.04293,1.04613,1.08229,1.00525,1.05606,1.06381,1.03224,1.00159,1.03923,1.01288,1.06944
1.07296,1.09619,1.09554,1.10389,1.09271,1.06857,1.04337,1.04709,1.07878,1.00685,1.05309,1.06202,1.03469,1.00469,1.04740,1.01484,1.06970
1.07065,1.08849,1.09034,1.09153,1.08531,1.05910,1.03620,1.04401,1.07663,1.00510,1.04877,1.05504,1.03107,1.00374,1.04942,1.01513,1.06798
1.07033,1.07599,1.08306,1.07280,1.07497,1.04974,1.03126,1.03842,1.06891,1.00204,1.04283,1.04736,1.03002,1.00326,1.04942,1.01484,1.06720
1.06437,1.06212,1.07075,1.05525,1.06164,1.04149,1.02348,1.03149,1.05706,1.00612,1.03511,1.03969,1.02640,1.00294,1.04637,1.01353,1.06306
1.05532,1.04883,1.05462,1.03955,1.04801,1.03316,1.01122,1.02225,1.04168,1.00466,1.02731,1.03127,1.02161,0.997614,1.04065,1.01055,1.05400
1.04203,1.03832,1.03919,1.02687,1.03624,1.02344,1.00359,1.01464,1.02853,0.999126,1.01798,1.02302,1.01542,0.995546,1.03444,1.00422,1.04494
1.03273,1.03042,1.03069,1.02288,1.02783,1.01748,1.00105,1.01107,1.01797,0.992859,1.01238,1.01465,1.01110,0.993796,1.02991,1.00182,1.03382
1.02593,1.02696,1.02445,1.01595,1.02235,1.01327,0.998804,1.00482,1.01193,0.992859,1.01111,1.01015,1.00572,0.992524,1.02719,0.998254,1.03080
1.02272,1.02306,1.02341,1.01395,1.01831,1.01148,0.996560,1.00424,1.00941,0.993588,1.00738,1.00819,1.00479,0.992046,1.02441,0.997381,1.02579
1.01912,1.01911,1.01838,1.01052,1.01613,1.01017,0.992522,1.00482,1.00520,0.993588,1.00449,1.00710,1.00315,0.990535,1.02337,0.997818,1.02312
1.01778,1.01679,1.02115,1.00925,1.01762,1.01139,0.993868,1.00395,1.00398,0.989507,1.00772,1.00456,0.998365,0.991808,1.02005,0.995926,1.02191
1.01662,1.01323,1.02029,1.00797,1.01594,1.01021,0.989830,1.00154,0.999235,0.990819,1.00492,1.00433,0.998014,0.988945,1.01629,0.995562,1.01898
1.01309,1.01215,1.01855,1.00582,1.01326,1.00588,0.985043,0.999133,0.997247,0.990528,1.00153,1.00260,0.997431,0.988785,1.01144,0.994107,1.01656
1.00905,1.00963,1.01578,1.00367,1.01139,1.00511,0.983398,0.997496,0.993423,0.989362,1.00178,0.999250,0.994394,0.987911,1.00948,0.992798,1.01337
1.00725,1.01017,1.01526,1.00478,1.00946,1.00388,0.985043,0.997592,0.996788,0.988050,1.00025,0.998442,0.992642,0.989899,1.00910,0.993453,1.01035
1.00796,1.01096,1.01699,1.00630,1.01002,1.00347,0.981454,0.998267,0.995182,0.988342,1.00093,0.999365,0.994861,0.989342,1.00823,0.992289,1.01130
1.00590,1.01037,1.01474,1.00877,1.00984,1.00376,0.985193,0.998555,0.995182,0.989653,1.00204,1.00017,0.994744,0.991728,1.00752,0.991780,1.01208
1.00462,1.00914,1.01578,1.00670,1.00772,1.00110,0.983697,0.997111,0.993958,0.985718,0.998389,0.997519,0.991124,0.992842,1.00501,0.990688,1.00681
1.02220,1.02745,1.02601,1.01467,1.00436,1.00037,0.991774,0.996148,0.991587,0.989507,0.996438,0.993885,0.990306,1.00819,1.00392,0.989888,1.00940
1.05955,1.06903,1.06485,1.07830,1.00934,1.01977,1.00658,1.01233,1.02394,1.00393,1.00560,0.995500,1.00093,1.01885,1.00670,0.988869,1.04072
1.05390,1.07644,1.09242,1.11162,1.03474,1.05056,1.01989,1.02581,1.05491,1.00904,1.02485,1.00069,1.00969,1.02012,1.01003,0.993234,1.05694
1.05371,1.07120,1.09502,1.10062,1.08730,1.06482,1.03036,1.03178,1.06623,1.00554,1.03647,1.01483,1.01658,1.01281,1.01122,0.997963,1.05297
1.06257,1.07792,1.08393,1.08595,1.11139,1.06874,1.02782,1.03582,1.06860,1.00029,1.04639,1.03583,1.02149,1.00151,1.01477,1.00444,1.05599
1.06539,1.08439,1.08115,1.08834,1.10965,1.06702,1.02946,1.03900,1.07335,0.996065,1.05080,1.05400,1.02616,0.999046,1.02109,1.00844,1.05875
1.06700,1.08705,1.08132,1.09552,1.09832,1.06661,1.03216,1.04160,1.07373,0.998106,1.05335,1.06109,1.02476,0.997057,1.02980,1.01266,1.06470
1.06828,1.08849,1.08965,1.10086,1.09097,1.06567,1.03201,1.04199,1.07143,1.00204,1.04987,1.05931,1.02383,0.998807,1.03972,1.01215,1.06461
1.06995,1.08088,1.08601,1.09089,1.08474,1.05734,1.02782,1.04122,1.06899,1.00364,1.04792,1.05354,1.02429,1.00143,1.04392,1.01135,1.06375
1.06430,1.07140,1.08341,1.07327,1.07497,1.04684,1.01899,1.03457,1.06134,1.00335,1.03893,1.04708,1.02278,1.00032,1.04452,1.01251,1.06254
1.05994,1.05871,1.06919,1.05199,1.06264,1.03811,1.01211,1.02802,1.04933,0.999271,1.03206,1.03934,1.01986,0.997057,1.03972,1.00997,1.05840
1.04800,1.04558,1.05323,1.03413,1.04832,1.02900,1.00150,1.01772,1.03556,0.998251,1.02646,1.02850,1.01635,0.996421,1.03166,1.00647,1.05029
1.03626,1.03511,1.03537,1.02456,1.03518,1.02218,0.995513,1.01069,1.02164,0.996648,1.01764,1.02192,1.01051,0.991490,1.02621,1.00298,1.03873
1.02682,1.02780,1.03312,1.01714,1.02646,1.01662,0.990428,1.00568,1.00918,0.992859,1.01196,1.01310,1.00642,0.990774,1.02169,0.999054,1.03347
1.01919,1.02069,1.02272,1.01347,1.01993,1.01225,0.988184,1.00299,1.00428,0.991548,1.00678,1.00819,0.999182,0.989581,1.01760,0.996072,1.02286
1.01745,1.02039,1.02011,1.01013,1.01650,1.00968,0.983398,1.00241,1.00153,0.989507,1.00449,1.00721,0.997197,0.987513,1.01466,0.994180,1.02200
1.01579,1.01526,1.02063,1.00805,1.01501,1.00858,0.983697,1.00154,0.998700,0.991548,1.00585,1.00508,0.995912,0.987433,1.01373,0.994689,1.01889
1.01437,1.01333,1.01890,1.00781,1.01463,1.00890,0.982800,1.00318,0.998929,0.990819,1.00636,1.00456,0.995562,0.987672,1.01357,0.996290,1.01536
1.01245,1.01230,1.02063,1.00550,1.01326,1.00662,0.982202,0.998748,0.996099,0.989653,1.00288,1.00329,0.994277,0.986240,1.01041,0.994617,1.01259
1.00732,1.01111,1.02063,1.00454,1.01214,1.00449,0.983249,0.999615,0.993193,0.988779,0.999406,1.00167,0.993459,0.985604,1.00665,0.992070,1.01259
1.00584,1.01027,1.01422,1.00439,1.01096,1.00355,0.978762,0.997015,0.991052,0.989070,1.00051,1.00035,0.990423,0.985604,1.00425,0.993453,1.00837
1.00449,1.00909,1.01370,1.00151,1.00965,1.00261,0.979061,0.998170,0.989751,0.986884,0.997286,1.00115,0.988671,0.986002,1.00556,0.992070,1.00889
1.00610,1.00953,1.01214,1.00335,1.00934,1.00110,0.978014,0.996148,0.990975,0.985427,0.998728,0.995616,0.986569,0.984968,1.00534,0.990688,1.00958
1.00513,1.00834,1.01092,1.00478,1.00791,1.00229,0.981454,0.995570,0.992199,0.983678,0.998558,0.996769,0.989488,0.987036,1.00518,0.991780,1.00785
1.00648,1.00830,1.01300,1.00574,1.00890,1.00261,0.981304,0.997496,0.993193,0.982075,1.00008,0.997000,0.988904,0.986558,1.00529,0.991416,1.00854
1.00321,1.00617,1.01023,1.00112,1.00704,1.00041,0.975920,0.995474,0.990363,0.982367,0.997625,0.996712,0.986452,0.985047,1.00060,0.991488,1.00483
0.999936,1.00474,1.01058,0.999282,1.00554,0.998611,0.972929,0.994318,0.986233,0.983095,0.996014,0.996366,0.987152,0.983138,0.999074,0.989306,1.00423
1.00193,1.00356,1.01266,0.998485,1.00448,0.999755,0.974275,0.993644,0.987533,0.984698,0.998049,0.997058,0.986919,0.982184,0.998583,0.990397,1.00526
1.00051,1.00321,1.01110,0.997768,1.00336,0.999102,0.975920,0.992007,0.987228,0.984407,0.997456,0.995154,0.985401,0.983536,0.998038,0.989088,1.00311
1.00013,1.00425,1.01405,0.999362,1.00355,0.999306,0.973377,0.993837,0.985621,0.984990,0.995929,0.995212,0.987036,0.984491,0.997167,0.986614,1.00155
1.00058,1.00444,1.01144,0.998485,1.00367,0.999142,0.975770,0.993259,0.984398,0.984115,0.996947,0.994404,0.983415,0.982264,0.997330,0.986832,1.00293
0.998396,1.00341,1.01439,0.999043,1.00523,0.997345,0.975770,0.991333,0.985545,0.982658,0.994487,0.992327,0.981430,0.983775,0.995695,0.987196,1.00104
0.997882,1.00435,1.01300,0.999123,1.00330,0.996406,0.973826,0.989599,0.980268,0.985718,0.992621,0.991577,0.981780,0.982820,0.992699,0.986905,1.00138
0.995700,1.00079,1.01144,0.995455,1.00118,0.993670,0.967993,0.988636,0.980574,0.984698,0.989399,0.991173,0.977809,0.980911,0.992426,0.983341,0.997412
0.994545,1.00084,1.00988,0.995774,0.997696,0.992689,0.967095,0.987577,0.980574,0.980035,0.989484,0.989154,0.980378,0.979003,0.988885,0.982177,0.996118
0.993069,0.997581,1.01144,0.992984,0.995392,0.992322,0.969040,0.987192,0.979579,0.979452,0.990332,0.989616,0.976057,0.979400,0.987904,0.981449,0.994306
0.991722,0.998864,1.01023,0.994339,0.998755,0.991709,0.964852,0.986325,0.978509,0.983387,0.990162,0.988808,0.976524,0.979480,0.987904,0.979921,0.994306
0.991786,0.998914,1.00902,0.992426,0.996575,0.990852,0.969189,0.986999,0.979656,0.982950,0.989399,0.987770,0.976057,0.979957,0.987468,0.981740,0.993444
0.993198,0.999062,1.00902,0.992186,0.995579,0.991954,0.966497,0.986518,0.977438,0.977558,0.988211,0.988808,0.975590,0.978525,0.987359,0.982031,0.996981
0.989989,0.997136,1.01179,0.991229,0.994209,0.990525,0.966497,0.985555,0.978279,0.980035,0.987702,0.988404,0.975356,0.978128,0.986106,0.980576,0.994479
0.990631,0.996494,1.00954,0.990751,0.994085,0.989095,0.962459,0.984688,0.975679,0.981346,0.988211,0.985058,0.973838,0.976537,0.983327,0.979994,0.991718
0.993647,0.997630,1.00902,0.992426,0.994707,0.991260,0.966647,0.987481,0.976444,0.979744,0.988211,0.987424,0.975239,0.977412,0.986051,0.981085,0.992667
0.994417,0.997334,1.00884,0.993542,0.996202,0.991423,0.967095,0.987288,0.977514,0.978578,0.989399,0.985866,0.976407,0.979082,0.986978,0.979849,0.994996
0.990310,0.995754,1.00867,0.991229,0.993524,0.990811,0.966049,0.986229,0.974914,0.984115,0.987872,0.986385,0.974305,0.978684,0.987196,0.980794,0.994048
0.987551,0.994420,1.00798,0.990592,0.993462,0.989504,0.962160,0.983436,0.975908,0.980618,0.986515,0.984193,0.973487,0.975821,0.983381,0.979921,0.991891
