Det0.000000,Det0.000000,Det0.000000,Det0.000000,Det0.000000,Det0.000000,Det0.000000,Det0.000000,Det0.000000,Det0.000000,Det0.000000,Det0.000000,Det0.000000,Det0.000000,Det0.000000,Det0.000000,Det0.000000
1.00478,1.00385,1.00485,1.00587,1.00433,1.00489,1.00510,1.00520,1.00516,1.00432,1.00386,1.00488,1.00575,1.00482,1.00398,1.00501,1.00477
1.00271,1.00284,1.00357,1.00304,1.00170,1.00247,1.00053,1.00299,1.00319,1.00432,1.00259,1.00374,1.00339,1.00473,1.00129,1.00303,1.00492
1.00361,1.00313,1.00391,1.00413,1.00200,1.00231,1.00299,1.00310,1.00449,1.00328,1.00220,1.00374,1.00413,1.00416,0.999513,1.00312,1.00315
1.00382,1.00405,1.00323,1.00502,1.00256,1.00419,1.00431,1.00515,1.00480,1.00028,1.00411,1.00423,1.00391,1.00482,1.00132,1.00391,1.00546
1.00418,1.00247,1.00272,1.00470,1.00376,1.00430,1.00721,1.00388,1.00570,0.995966,1.00254,1.00294,1.00457,1.00438,1.00175,1.00378,1.00553
1.00257,1.00143,1.00383,1.00304,1.00203,1.00222,1.00308,1.00249,1.00471,0.996998,1.00201,1.00294,1.00332,1.00377,1.00083,1.00308,1.00330
1.00054,1.00020,1.00000,1.00045,0.998635,1.00023,0.999648,0.999612,0.999058,1.00507,1.00039,1.00111,1.00118,1.00079,1.00032,1.00035,1.00138
1.00050,0.999433,1.00025,0.999879,0.998835,0.998868,1.00088,0.998505,0.997263,1.00141,0.998875,0.999238,0.999631,1.00031,1.00252,1.00040,0.999001
1.00093,0.999458,0.999915,0.999959,1.00090,1.00029,1.00035,1.00050,1.00197,0.999156,0.999804,1.00107,1.00059,1.00035,1.00175,1.00035,1.00069
1.00111,1.00192,1.00128,1.00198,1.00296,1.00190,1.00281,1.00249,1.00296,0.999437,1.00108,1.00291,1.00000,1.00180,1.00129,1.00198,1.00161
1.00039,1.00136,1.00077,0.999959,1.00043,0.999887,0.998505,1.00072,0.999821,1.00460,1.00127,1.00038,1.00044,1.00000,0.997650,1.00009,1.00008
1.00082,1.00153,1.00059,0.999068,0.999834,0.999977,0.999736,1.00000,1.00018,1.00281,0.998875,1.00017,0.998156,0.999562,0.996046,1.00018,1.00169
1.00100,1.00094,1.00068,0.998420,1.00023,1.00059,1.00176,1.00072,1.00094,0.999156,0.999804,0.999584,0.998967,0.998730,0.994985,0.999341,1.00231
1.00225,1.00025,1.00059,0.999797,1.00047,1.00041,0.999912,1.00161,1.00193,0.999343,0.999658,1.00097,0.998746,1.00031,0.995816,0.999517,1.00015
0.999357,0.999334,1.00085,0.998501,0.999068,0.999774,0.998329,0.999889,0.998071,1.00460,0.997457,0.999584,0.998230,0.998993,0.994441,0.999033,1.00092
0.998037,0.998767,0.999320,0.996800,0.997670,0.998868,0.998153,0.997730,0.995872,1.00291,0.997457,0.996987,0.998451,0.998293,0.994756,0.997671,0.998847
0.999215,0.997287,0.999490,0.997489,0.998868,0.998371,0.998329,0.999225,0.999686,0.999531,0.998337,0.997126,0.998967,0.997461,0.994412,0.998242,1.00077
0.999286,0.996868,0.998130,0.999473,0.998203,0.997760,0.999384,0.997896,1.00013,0.999437,0.998484,0.997264,1.00059,0.998862,0.995415,0.999517,0.998847
0.996894,0.996202,0.996005,0.997084,0.997503,0.996673,0.997010,0.996124,0.996366,1.00103,0.997848,0.996710,0.997566,0.998161,0.993639,0.997627,0.998309
0.994646,0.995462,0.996600,0.996031,0.995506,0.995768,0.993052,0.994740,0.992418,1.00375,0.996528,0.994840,0.996312,0.996979,0.993352,0.994990,0.997541
0.994967,0.995388,0.996345,0.995463,0.994108,0.994682,0.992084,0.995570,0.993809,1.00028,0.995598,0.995048,0.997344,0.996322,0.992378,0.995605,0.997233
0.995824,0.995289,0.997365,0.996233,0.994208,0.995995,0.994107,0.997841,0.997218,1.00009,0.995892,0.998788,0.996680,0.996498,0.994670,0.995605,0.996849
0.994146,0.995783,0.996005,0.997327,0.995074,0.995270,0.997713,0.996955,0.996590,0.999343,0.997604,0.998164,0.995722,0.996366,0.995215,0.996353,0.996234
0.994895,0.995610,0.998130,0.995382,0.995473,0.994999,0.995602,0.996235,0.994751,1.00131,0.997457,0.997957,0.996533,0.996191,0.993782,0.995430,0.995465
0.992218,0.994056,0.994985,0.994492,0.992710,0.993098,0.991557,0.993190,0.993181,1.00300,0.993397,0.995775,0.994910,0.994046,0.991461,0.994067,0.994236
0.993146,0.993415,0.996940,0.994532,0.993676,0.993075,0.993228,0.993688,0.993495,0.999249,0.994767,0.994182,0.994467,0.994527,0.992378,0.994024,0.993467
0.993468,0.994155,0.995665,0.995382,0.993642,0.993845,0.995515,0.993577,0.994616,0.997279,0.993349,0.995082,0.994984,0.994046,0.993237,0.994507,0.994082
0.994574,0.993513,0.995240,0.995707,0.994075,0.993822,0.994899,0.995238,0.995558,0.994277,0.995158,0.995498,0.995500,0.994133,0.993553,0.995122,0.995389
0.995038,0.992848,0.996090,0.995545,0.993676,0.993528,0.994195,0.993466,0.992911,0.994652,0.992908,0.994840,0.994836,0.993783,0.992550,0.993892,0.996618
0.993003,0.993464,0.994645,0.993803,0.992244,0.992057,0.992964,0.991086,0.993225,0.993151,0.990854,0.992796,0.995058,0.993214,0.992263,0.993057,0.994082
0.993396,0.992922,0.993455,0.994410,0.991878,0.990586,0.993228,0.991252,0.992777,0.992307,0.991735,0.992450,0.993066,0.990937,0.993581,0.993496,0.991084
0.994217,0.993366,0.994900,0.994775,0.992544,0.990111,0.994195,0.991473,0.992508,0.994840,0.991490,0.991723,0.992844,0.991682,0.995988,0.992354,0.991623
0.993575,0.992576,0.993625,0.993519,0.991745,0.990903,0.994107,0.991196,0.992822,0.995028,0.991050,0.993004,0.992033,0.992338,0.997364,0.990903,0.993083
0.991504,0.992182,0.993965,0.992790,0.990280,0.989002,0.989886,0.990698,0.990489,0.997936,0.991784,0.992866,0.992107,0.992207,0.996447,0.990947,0.993160
0.991540,0.992724,0.994135,0.991535,0.990979,0.989884,0.990677,0.990200,0.992149,0.998687,0.991832,0.993558,0.991074,0.991419,0.993237,0.992442,0.993236
0.991112,0.991466,0.994390,0.991211,0.989814,0.989205,0.988303,0.988594,0.989726,1.00131,0.990512,0.991584,0.991222,0.990894,0.990544,0.990772,0.991623
0.991147,0.991121,0.993795,0.991211,0.989781,0.988866,0.990677,0.988483,0.992552,0.995403,0.990512,0.992069,0.990779,0.989799,0.990085,0.990903,0.991238
0.991576,0.991812,0.992690,0.991089,0.990979,0.991220,0.993404,0.991418,0.992552,0.991556,0.991588,0.991827,0.991664,0.990281,0.989484,0.991870,0.992852
0.992254,0.991812,0.995410,0.992304,0.992178,0.990948,0.991117,0.991086,0.992552,0.993339,0.991441,0.991307,0.993803,0.991901,0.989340,0.992573,0.992160
0.991326,0.991269,0.994135,0.992952,0.991379,0.990382,0.991117,0.990366,0.990892,0.995497,0.990952,0.990234,0.991738,0.991550,0.989254,0.991035,0.990623
0.990433,0.989888,0.992860,0.991211,0.990180,0.988821,0.990062,0.988539,0.989905,0.996060,0.988556,0.990442,0.989820,0.990281,0.987936,0.990112,0.989394
0.991112,0.989543,0.991584,0.990927,0.988849,0.988255,0.990413,0.988926,0.989861,0.991463,0.989730,0.988987,0.989894,0.990718,0.987535,0.989717,0.990931
0.989827,0.988926,0.990224,0.990036,0.988250,0.987644,0.989798,0.989259,0.988963,0.992401,0.988751,0.988121,0.990853,0.989142,0.987592,0.990288,0.987472
0.987649,0.987422,0.988864,0.988011,0.986652,0.986920,0.986456,0.987597,0.989771,0.989774,0.987431,0.988987,0.990041,0.989274,0.985099,0.987739,0.988164
0.986257,0.987989,0.991244,0.987930,0.986086,0.985766,0.987599,0.986933,0.987931,0.990994,0.987529,0.988087,0.987976,0.988398,0.986676,0.988355,0.987318
0.986293,0.986928,0.988949,0.988659,0.985354,0.985539,0.987511,0.986822,0.989187,0.988554,0.986453,0.988918,0.989377,0.987916,0.985157,0.987520,0.986550
0.987292,0.987545,0.987504,0.987768,0.985420,0.985449,0.986807,0.986822,0.987976,0.989774,0.987040,0.989160,0.989082,0.988354,0.984154,0.988399,0.985935
0.986614,0.987643,0.987759,0.986836,0.984855,0.984046,0.984433,0.986878,0.985778,0.992213,0.986844,0.987983,0.988271,0.987785,0.984727,0.988091,0.987088
0.986471,0.985966,0.986909,0.987039,0.984189,0.983480,0.984697,0.985660,0.985598,0.991556,0.986795,0.987117,0.987017,0.988442,0.984068,0.986113,0.985781
0.985686,0.985720,0.988354,0.986917,0.985121,0.984363,0.985312,0.985217,0.985553,0.990243,0.986355,0.987463,0.987828,0.987785,0.984526,0.985191,0.987549
0.986400,0.985843,0.986229,0.986269,0.985653,0.984861,0.985664,0.986103,0.985868,0.990712,0.986844,0.987810,0.987976,0.987260,0.985845,0.986817,0.987395
0.985436,0.985868,0.987759,0.986755,0.985287,0.984023,0.986368,0.984331,0.986765,0.990524,0.985670,0.986390,0.988197,0.986997,0.984813,0.987080,0.986473
0.984401,0.986953,0.987759,0.986553,0.984655,0.984770,0.987423,0.985161,0.986944,0.989962,0.985817,0.987983,0.987312,0.987785,0.985443,0.985718,0.987011
0.986507,0.986139,0.987249,0.987970,0.984089,0.985019,0.989622,0.986047,0.986630,0.987241,0.985132,0.986874,0.986427,0.986953,0.986532,0.985982,0.987395
0.987006,0.986509,0.987759,0.987727,0.984455,0.984363,0.988391,0.985272,0.989143,0.982269,0.984154,0.986840,0.987607,0.985859,0.985701,0.987124,0.987472
0.987221,0.984832,0.989289,0.986188,0.984189,0.983435,0.987423,0.985051,0.986765,0.980861,0.983078,0.985281,0.987533,0.985684,0.987707,0.986685,0.986166
0.986542,0.983796,0.986654,0.987322,0.983157,0.983027,0.985400,0.982005,0.984073,0.984520,0.984105,0.985420,0.986058,0.984545,0.988595,0.985279,0.986089
0.985543,0.984067,0.985889,0.984487,0.981792,0.981647,0.983377,0.982947,0.982906,0.985927,0.984252,0.985905,0.984730,0.983889,0.990028,0.984268,0.983860
0.984829,0.983599,0.986569,0.984609,0.982691,0.982417,0.986368,0.982393,0.984207,0.983207,0.982736,0.985039,0.985763,0.983188,0.989684,0.984795,0.984167
0.986078,0.983821,0.985549,0.984406,0.982624,0.981805,0.986632,0.983888,0.986047,0.984520,0.984497,0.985697,0.987533,0.984808,0.988825,0.986245,0.985243
0.985293,0.984610,0.986484,0.985176,0.983456,0.982552,0.983641,0.982725,0.984073,0.986209,0.983958,0.986459,0.987312,0.986428,0.985615,0.985674,0.984628
0.984579,0.984610,0.984699,0.983272,0.983223,0.981194,0.983202,0.983500,0.983759,0.985834,0.983372,0.986009,0.985615,0.983932,0.982492,0.985323,0.983322
0.985721,0.985350,0.985124,0.983555,0.983057,0.981964,0.986632,0.983999,0.983938,0.985271,0.981855,0.985835,0.985615,0.985990,0.982893,0.985103,0.984167
0.985650,0.984190,0.985039,0.985338,0.982591,0.982779,0.983465,0.983223,0.985060,0.983863,0.983714,0.985281,0.986722,0.984939,0.981919,0.984971,0.984167
0.985400,0.984536,0.985379,0.984325,0.982857,0.982597,0.984257,0.983777,0.985643,0.983957,0.983372,0.984970,0.985910,0.983232,0.983437,0.984268,0.983629
0.984151,0.984758,0.984614,0.983758,0.980527,0.981851,0.982938,0.982338,0.983804,0.984239,0.982589,0.983757,0.984287,0.984107,0.980486,0.983784,0.983014
0.983758,0.983352,0.986059,0.983839,0.981126,0.982054,0.982674,0.982448,0.984207,0.981518,0.981269,0.984242,0.985025,0.984370,0.981088,0.983257,0.983476
0.982652,0.983451,0.985039,0.983515,0.981659,0.981421,0.982674,0.982338,0.982951,0.982269,0.982100,0.982857,0.985246,0.983713,0.981030,0.982949,0.983014
0.982366,0.981773,0.983509,0.984528,0.980893,0.980810,0.981266,0.982116,0.983535,0.982269,0.980339,0.982961,0.984804,0.983188,0.981432,0.982686,0.982323
0.979475,0.980442,0.982319,0.981125,0.979196,0.978931,0.979156,0.978628,0.979452,0.983676,0.979019,0.981472,0.983402,0.983232,0.979942,0.981104,0.979863
0.980617,0.979578,0.980874,0.981571,0.978597,0.978773,0.981706,0.978573,0.980753,0.979360,0.980682,0.980641,0.981853,0.980868,0.980715,0.981499,0.980709
0.981723,0.980072,0.982489,0.983555,0.979462,0.979452,0.981618,0.980677,0.982772,0.981049,0.978921,0.981610,0.982886,0.983144,0.981489,0.981983,0.980786
0.981830,0.980590,0.982404,0.983879,0.980161,0.980312,0.983993,0.981175,0.982547,0.983488,0.979948,0.982649,0.984214,0.983188,0.982005,0.982114,0.981016
0.980581,0.979480,0.981809,0.982745,0.980361,0.979474,0.981618,0.980289,0.980977,0.982738,0.979312,0.982684,0.983033,0.982356,0.981833,0.981148,0.982246
0.980474,0.980244,0.982064,0.982219,0.978430,0.979158,0.983202,0.979182,0.979766,0.983300,0.978579,0.981645,0.982296,0.983713,0.979970,0.980796,0.981785
0.980260,0.980269,0.982914,0.982057,0.978131,0.979972,0.980387,0.979791,0.979541,0.980298,0.978383,0.980814,0.982296,0.981743,0.980371,0.981411,0.982169
0.980902,0.980590,0.983679,0.982057,0.979063,0.979248,0.980123,0.979403,0.980439,0.980767,0.979117,0.981576,0.982074,0.981568,0.981976,0.981587,0.982246
0.982437,0.980442,0.982574,0.983029,0.979662,0.980606,0.985048,0.981673,0.982592,0.975514,0.980780,0.981853,0.983255,0.981918,0.982033,0.982334,0.979710
0.982473,0.979874,0.982659,0.985054,0.980228,0.979814,0.984873,0.981839,0.981964,0.979548,0.980242,0.983030,0.984287,0.983757,0.981661,0.981631,0.979095
0.981224,0.979258,0.981044,0.981004,0.978197,0.976985,0.980827,0.978185,0.981381,0.976921,0.977552,0.980987,0.980968,0.980649,0.979913,0.980093,0.978941
0.980403,0.978690,0.979344,0.980963,0.977898,0.977076,0.980299,0.976302,0.978824,0.973543,0.977601,0.979671,0.981779,0.979029,0.982406,0.979742,0.978019
0.981759,0.978814,0.979344,0.980680,0.977598,0.977438,0.983553,0.977797,0.979407,0.973825,0.977209,0.979983,0.980378,0.980299,0.984870,0.980357,0.978710
0.980760,0.978740,0.979089,0.980842,0.978364,0.977279,0.982938,0.978462,0.981067,0.974669,0.978725,0.980121,0.981263,0.980167,0.988137,0.980533,0.979863
0.979296,0.978000,0.980874,0.980680,0.976100,0.976781,0.981003,0.977853,0.978330,0.979642,0.977405,0.980952,0.981189,0.981349,0.985185,0.979566,0.979018
0.980617,0.978715,0.980449,0.980882,0.976400,0.976623,0.983025,0.976469,0.979721,0.980298,0.978041,0.979567,0.982148,0.980780,0.983036,0.977984,0.978172
0.980224,0.979085,0.982149,0.980680,0.976999,0.976510,0.978804,0.978130,0.980349,0.977296,0.978285,0.979463,0.981779,0.980649,0.981116,0.980401,0.979556
0.980046,0.980392,0.980959,0.980558,0.977764,0.978004,0.982850,0.978406,0.982099,0.975232,0.979312,0.980433,0.982296,0.981305,0.980916,0.980181,0.978172
0.980545,0.978814,0.979684,0.979384,0.978264,0.977506,0.981442,0.978240,0.980888,0.975514,0.977894,0.981368,0.982001,0.980123,0.978537,0.979170,0.979402
0.979189,0.977950,0.981129,0.978411,0.976699,0.977709,0.978892,0.976579,0.980663,0.980204,0.978041,0.980987,0.981115,0.978679,0.976331,0.979961,0.979786
0.979582,0.978912,0.981129,0.981247,0.977432,0.978501,0.978188,0.978462,0.979721,0.976546,0.977063,0.979567,0.980525,0.981130,0.977363,0.979214,0.979556
0.979367,0.979529,0.980619,0.981044,0.977631,0.977279,0.980123,0.978019,0.980708,0.976452,0.977112,0.980675,0.981263,0.980649,0.978480,0.978643,0.979018
0.978118,0.978764,0.979344,0.980153,0.977332,0.977574,0.981179,0.977188,0.982458,0.975232,0.975302,0.980329,0.981484,0.979948,0.977993,0.978819,0.978557
0.976976,0.976791,0.977729,0.980356,0.977032,0.976985,0.979683,0.976690,0.979900,0.975701,0.975155,0.979775,0.981484,0.980649,0.977391,0.979082,0.978557
0.976405,0.977556,0.978919,0.979910,0.975667,0.976397,0.981530,0.975915,0.979183,0.974575,0.974813,0.979602,0.980230,0.980211,0.977248,0.977896,0.976943
0.977297,0.976249,0.978069,0.979303,0.975268,0.975311,0.979332,0.976856,0.978016,0.975701,0.974422,0.979048,0.980746,0.980693,0.976904,0.979302,0.975944
0.976262,0.976347,0.978069,0.976265,0.973437,0.974179,0.975901,0.974475,0.978061,0.974857,0.973150,0.977247,0.977648,0.977409,0.976933,0.976138,0.975867
0.975833,0.975731,0.976284,0.977075,0.974136,0.974292,0.977748,0.974531,0.978106,0.975326,0.974862,0.976935,0.980230,0.978854,0.977391,0.977852,0.974944
0.976476,0.974720,0.976879,0.977561,0.973670,0.974156,0.979771,0.976524,0.978958,0.973262,0.975498,0.977524,0.978312,0.978547,0.977191,0.976578,0.975098
0.975548,0.975484,0.976794,0.977237,0.973737,0.973025,0.977309,0.975472,0.977343,0.973637,0.973688,0.977593,0.979124,0.978241,0.975787,0.976270,0.974791
0.974905,0.974004,0.974838,0.977075,0.973903,0.973410,0.978364,0.974531,0.976670,0.975232,0.972954,0.976519,0.978460,0.978722,0.975729,0.974820,0.975713
0.975084,0.974004,0.974753,0.978087,0.973637,0.974383,0.976869,0.975361,0.977567,0.976358,0.974568,0.976935,0.978607,0.978679,0.975959,0.976797,0.973100
0.974870,0.975410,0.977729,0.977399,0.972905,0.974451,0.974670,0.975749,0.977298,0.974575,0.974519,0.977939,0.978238,0.979248,0.975643,0.977281,0.977634
0.975941,0.973486,0.976284,0.977966,0.974103,0.974224,0.978980,0.973700,0.978106,0.974388,0.974275,0.976658,0.979714,0.977759,0.976904,0.977808,0.976635
0.976333,0.974300,0.974158,0.979060,0.973737,0.973930,0.978100,0.974088,0.978465,0.972887,0.973688,0.976935,0.977648,0.978109,0.977649,0.977764,0.975713
0.976191,0.973610,0.975944,0.976508,0.972605,0.973387,0.979420,0.974032,0.978061,0.968196,0.972661,0.976658,0.978238,0.976840,0.976417,0.976314,0.975482
0.974370,0.972500,0.974584,0.976386,0.971074,0.971577,0.976253,0.971818,0.975504,0.968571,0.971878,0.975446,0.977648,0.975570,0.976904,0.975787,0.974560
0.975084,0.971883,0.973733,0.974321,0.970308,0.970264,0.975374,0.971042,0.974876,0.970166,0.971585,0.974199,0.975878,0.975045,0.977019,0.975830,0.973023
0.974406,0.971587,0.973903,0.973632,0.969709,0.969993,0.975726,0.971541,0.974247,0.971855,0.969189,0.974719,0.977206,0.973162,0.981575,0.974380,0.973100
0.974370,0.971859,0.975349,0.975050,0.971573,0.970943,0.977748,0.970655,0.975549,0.971386,0.971585,0.974234,0.975435,0.976052,0.979913,0.975303,0.973330
0.973299,0.970601,0.971948,0.973592,0.971340,0.971848,0.977133,0.971818,0.975818,0.971479,0.970509,0.974788,0.977132,0.974826,0.977878,0.974908,0.973177
0.973085,0.971069,0.974243,0.973146,0.970874,0.971215,0.973967,0.971818,0.974203,0.972418,0.971585,0.974061,0.976025,0.974213,0.974870,0.973941,0.972562
0.974191,0.971612,0.973393,0.973308,0.970508,0.971690,0.975022,0.970987,0.973754,0.971855,0.970900,0.972745,0.975952,0.974125,0.972491,0.974908,0.973484
0.974548,0.970847,0.973223,0.974078,0.971074,0.971644,0.975198,0.971984,0.973395,0.969603,0.971927,0.974580,0.976542,0.974607,0.972835,0.974820,0.973868
0.974013,0.970847,0.974413,0.974078,0.970408,0.972527,0.975110,0.972814,0.975459,0.969228,0.970900,0.974026,0.974402,0.975045,0.972663,0.973106,0.975713
0.974834,0.970921,0.972033,0.973916,0.970708,0.971124,0.972735,0.971319,0.973260,0.968477,0.970705,0.973299,0.976911,0.974432,0.970887,0.974161,0.973330
0.973977,0.969737,0.973138,0.972741,0.970308,0.970649,0.971328,0.970932,0.971914,0.971479,0.967917,0.973506,0.973591,0.972462,0.969884,0.972667,0.973484
0.973121,0.969491,0.973903,0.973510,0.971273,0.970241,0.974670,0.970046,0.974382,0.968196,0.969286,0.973783,0.974771,0.974344,0.971001,0.973062,0.971255
0.974013,0.969713,0.972543,0.974685,0.971140,0.971486,0.975726,0.972814,0.974203,0.967258,0.971292,0.972745,0.975066,0.975001,0.972807,0.973897,0.972024
0.972121,0.969145,0.971438,0.972984,0.968644,0.969495,0.973703,0.971042,0.971735,0.968759,0.969824,0.974130,0.974107,0.974301,0.971574,0.972183,0.973561
0.970408,0.970181,0.971098,0.970918,0.968344,0.968771,0.973703,0.969492,0.970703,0.968665,0.968944,0.972121,0.971968,0.972900,0.969998,0.970953,0.973100
0.970015,0.968282,0.969313,0.971931,0.968378,0.968205,0.970888,0.968883,0.971600,0.970729,0.967819,0.972156,0.973001,0.972243,0.970514,0.971832,0.970640
0.970836,0.968455,0.971098,0.973024,0.969276,0.969268,0.972471,0.969935,0.972004,0.966601,0.969922,0.973126,0.972263,0.972593,0.972463,0.972359,0.968949
0.970229,0.969787,0.971183,0.971485,0.967179,0.968363,0.970800,0.969935,0.970838,0.969978,0.968113,0.972918,0.973739,0.973469,0.971660,0.972886,0.970256
0.970194,0.968356,0.969143,0.970554,0.966713,0.968612,0.970273,0.968828,0.972094,0.969509,0.967917,0.971048,0.972411,0.972943,0.970371,0.971348,0.971563
0.971586,0.969170,0.971013,0.971728,0.967479,0.969200,0.971504,0.969714,0.969312,0.972981,0.968259,0.971567,0.973739,0.972681,0.970199,0.970557,0.970487
0.970658,0.969515,0.969908,0.972376,0.967113,0.967232,0.972911,0.968496,0.970299,0.971010,0.968406,0.970528,0.973517,0.972724,0.970629,0.971172,0.970333
0.971835,0.968849,0.969908,0.972295,0.968677,0.968725,0.971856,0.969437,0.971825,0.968477,0.967966,0.972087,0.972189,0.972374,0.970199,0.973150,0.972485
0.971800,0.967863,0.970503,0.971404,0.967346,0.967820,0.969657,0.967720,0.971690,0.971667,0.968748,0.971013,0.973443,0.973731,0.970772,0.970997,0.970487
1.02017,0.995363,0.974584,0.983717,0.969043,0.969811,0.982410,0.972648,0.981202,0.968571,0.968553,0.971290,0.978976,0.977628,0.968766,0.974556,0.998540
1.05922,1.06746,1.02499,1.07112,0.973238,1.00602,1.01697,0.999225,1.03755,0.970635,0.985426,0.970078,1.00598,0.998774,0.966617,0.982818,1.05964
1.03073,1.05919,1.06290,1.09478,1.00506,1.03811,1.02832,1.00831,1.04733,0.991838,1.00342,0.974892,1.00494,1.00679,0.968766,0.985015,1.04304
1.02060,1.03907,1.05984,1.06193,1.06381,1.04273,1.02278,1.01074,1.03248,1.00629,1.01330,0.987844,1.00354,0.999431,0.975385,0.985103,1.02705
1.02381,1.03786,1.04157,1.04658,1.07849,1.03781,1.01829,1.00925,1.02521,1.00516,1.01697,1.00620,1.00730,0.995841,0.981116,0.985323,1.02890
1.02584,1.04030,1.03681,1.04698,1.06877,1.03055,1.01856,1.00897,1.02598,0.996153,1.01619,1.01718,1.00797,0.991156,0.989111,0.987652,1.03290
1.02841,1.04065,1.03434,1.04982,1.04624,1.02842,1.01873,1.00853,1.02728,0.983113,1.01678,1.01953,1.01136,0.981918,0.997306,0.987344,1.03635
1.02820,1.04003,1.03290,1.04909,1.02996,1.02962,1.02040,1.00493,1.02562,0.974482,1.01545,1.01648,1.00819,0.975614,1.00542,0.986026,1.03543
1.02438,1.03840,1.02822,1.04800,1.02220,1.02464,1.01636,1.00382,1.02315,0.971479,1.01012,1.01077,1.00657,0.972418,1.01092,0.985674,1.03412
1.02470,1.03497,1.02227,1.04241,1.01921,1.01353,1.01891,1.00000,1.02086,0.969509,1.00430,1.00409,1.00620,0.970535,1.01490,0.984268,1.03266
1.02302,1.02967,1.01335,1.03062,1.01075,0.999955,1.01557,0.993522,1.01808,0.966601,0.994474,0.997056,1.00221,0.968916,1.01527,0.983257,1.02874
1.02238,1.01958,1.00400,1.01442,0.998236,0.989409,1.01082,0.985161,1.01238,0.964725,0.985524,0.989680,0.998082,0.968127,1.01441,0.983081,1.02790
1.02056,1.00809,0.993880,0.999514,0.990047,0.984702,1.00185,0.978683,1.00211,0.967633,0.981366,0.984519,0.999115,0.969879,1.01040,0.981060,1.02552
1.01835,0.999186,0.986229,0.988416,0.985720,0.980945,0.992524,0.977576,0.994212,0.967914,0.977943,0.981714,0.994320,0.969528,1.00845,0.980049,1.02152
1.01474,0.993144,0.981384,0.983758,0.982025,0.979203,0.987247,0.975472,0.987931,0.967821,0.976182,0.978874,0.990705,0.970754,1.00579,0.976665,1.01399
1.00832,0.989937,0.980704,0.981490,0.981659,0.978524,0.983729,0.972814,0.983086,0.967633,0.975840,0.977108,0.988418,0.971499,1.00261,0.978335,1.00807
1.00275,0.986435,0.977049,0.978290,0.979096,0.976442,0.981882,0.973479,0.982727,0.966507,0.973884,0.977905,0.985246,0.972287,0.999255,0.974776,1.00108
0.996323,0.984634,0.978749,0.977318,0.977598,0.974586,0.980035,0.972094,0.977837,0.970635,0.971781,0.976346,0.983328,0.972243,0.997163,0.975083,0.995389
0.990576,0.982686,0.976539,0.976791,0.975900,0.973704,0.978628,0.970655,0.976984,0.968665,0.972514,0.975792,0.981484,0.971674,0.995673,0.973589,0.987780
0.985793,0.980047,0.978069,0.975981,0.974203,0.971712,0.977924,0.971042,0.976850,0.967914,0.972710,0.975654,0.980230,0.971717,0.994069,0.971875,0.986627
0.984436,0.978296,0.978154,0.976832,0.972805,0.972527,0.978628,0.971375,0.976087,0.965288,0.971194,0.974649,0.977648,0.970798,0.992808,0.972447,0.983476
0.981188,0.977211,0.975434,0.976994,0.973337,0.971622,0.976957,0.970101,0.974472,0.969885,0.970998,0.973264,0.978238,0.971367,0.991260,0.971304,0.982015
0.980403,0.977087,0.979174,0.976427,0.972638,0.971780,0.976693,0.969769,0.973664,0.970260,0.972367,0.973403,0.977206,0.971061,0.988997,0.971392,0.981170
0.978761,0.976915,0.980874,0.976994,0.972905,0.971464,0.975550,0.969215,0.975010,0.966882,0.972270,0.971775,0.977648,0.969966,0.989169,0.970469,0.978249
0.978903,0.977408,0.982744,0.978897,0.973704,0.971871,0.978540,0.972482,0.976491,0.960784,0.970558,0.974061,0.978755,0.970842,0.989312,0.972315,0.978941
0.974870,0.974547,0.981214,0.974969,0.970508,0.970264,0.977133,0.971264,0.976491,0.961066,0.970509,0.972918,0.976247,0.968653,0.985873,0.971085,0.975713
0.978297,0.983525,0.983849,0.974604,0.968744,0.968522,0.979596,0.966502,0.976311,0.959565,0.967281,0.971325,0.978091,0.983801,0.979139,0.969063,0.974483
1.01596,1.03253,1.00570,1.01600,0.969909,0.983774,0.997362,0.976912,1.00000,0.967821,0.974470,0.969385,0.987828,0.993783,0.975156,0.972886,1.00031
1.03020,1.05660,1.03757,1.06651,0.986818,1.01602,1.00748,0.991307,1.02925,0.981518,0.992126,0.973680,0.993435,0.994484,0.974812,0.974952,1.03021
1.02402,1.04886,1.04752,1.07465,1.02849,1.02709,1.01302,0.997564,1.03432,0.982175,1.00117,0.982407,0.996238,0.988836,0.976675,0.976709,1.03251
1.02292,1.04210,1.04046,1.05658,1.05439,1.02974,1.01302,1.00066,1.02997,0.976546,1.00719,0.995948,0.999779,0.982750,0.977420,0.977237,1.02851
1.02513,1.04139,1.03553,1.05415,1.06095,1.02849,1.01768,1.00365,1.03064,0.967914,1.01056,1.00710,1.00125,0.976096,0.985931,0.980313,1.03059
1.02695,1.04136,1.02865,1.05249,1.04624,1.02738,1.01821,1.00210,1.02939,0.965194,1.01272,1.01364,1.00236,0.971061,0.992550,0.981455,1.03320
1.02559,1.03907,1.02593,1.05124,1.03122,1.02417,1.01469,0.999502,1.02553,0.961253,1.01100,1.01351,1.00214,0.969704,0.997593,0.980005,1.03236
1.02242,1.03492,1.01836,1.04621,1.02320,1.01392,1.01328,0.997398,1.02225,0.959565,1.00254,1.00668,0.999262,0.965325,1.00140,0.979785,1.03021
1.02028,1.03014,1.01505,1.03755,1.01538,1.00102,1.01011,0.993411,1.01956,0.956093,0.993740,1.00007,0.999041,0.964756,1.00287,0.977720,1.02890
1.01703,1.02087,1.00910,1.02151,1.00323,0.990246,1.00114,0.986490,1.01857,0.954968,0.987186,0.992346,0.996754,0.963968,1.00352,0.977237,1.02590
1.01539,1.01024,1.00077,1.00462,0.991479,0.983480,0.990325,0.979514,1.01220,0.958908,0.982345,0.988433,0.995943,0.965938,1.00221,0.977149,1.02390
1.01003,1.00054,0.993540,0.992993,0.985554,0.979203,0.981179,0.975306,1.00565,0.960597,0.977650,0.982442,0.993582,0.966201,0.998911,0.974820,1.01868
1.00464,0.994599,0.987334,0.986512,0.981892,0.977664,0.977836,0.974309,0.996904,0.958439,0.976084,0.980017,0.989820,0.966508,0.995874,0.972930,1.01460
0.997823,0.991343,0.983764,0.983150,0.980294,0.976533,0.978012,0.970655,0.989367,0.961535,0.975938,0.978459,0.987902,0.967427,0.994642,0.973150,1.00776
0.992004,0.987076,0.981129,0.980356,0.977032,0.973274,0.972911,0.969160,0.983624,0.963036,0.972905,0.975584,0.983402,0.968171,0.992607,0.969590,1.00161
0.985757,0.984314,0.977559,0.978614,0.973404,0.971192,0.969393,0.967111,0.978240,0.963411,0.972074,0.974684,0.979419,0.965851,0.990429,0.967393,0.994313
0.980296,0.981527,0.977984,0.976184,0.972272,0.969585,0.967722,0.966392,0.973978,0.960690,0.970558,0.972156,0.976984,0.967471,0.987650,0.966602,0.988548
0.978439,0.979504,0.976284,0.976953,0.971773,0.968567,0.967546,0.966447,0.974292,0.962285,0.969727,0.971775,0.975952,0.968040,0.987994,0.965152,0.985474
0.976512,0.977728,0.977134,0.977439,0.971174,0.967186,0.965347,0.965783,0.971735,0.961441,0.970411,0.972260,0.974771,0.966945,0.985071,0.964756,0.981400
0.973013,0.976002,0.975434,0.975819,0.969742,0.965285,0.962181,0.964288,0.971107,0.961722,0.968504,0.969385,0.971747,0.966201,0.985042,0.961636,0.979479
0.971157,0.974744,0.975944,0.975941,0.970342,0.966191,0.960158,0.962516,0.970389,0.962473,0.967183,0.970078,0.971821,0.965544,0.984727,0.961197,0.978019
0.971693,0.974646,0.977389,0.975171,0.969742,0.966937,0.961478,0.963845,0.970344,0.957876,0.967770,0.970771,0.970935,0.966114,0.983523,0.962384,0.977250
0.970229,0.975089,0.980364,0.975009,0.968677,0.966575,0.962797,0.965118,0.972228,0.956281,0.968211,0.970597,0.972337,0.966902,0.984526,0.961724,0.975559
0.966660,0.971932,0.980194,0.970837,0.966680,0.964086,0.957432,0.962737,0.968325,0.956093,0.966939,0.967723,0.969091,0.964538,0.978910,0.961680,0.973945
0.966874,0.974448,0.981639,0.967516,0.965415,0.961642,0.956816,0.958529,0.966037,0.952810,0.963173,0.966268,0.968353,0.974169,0.971918,0.960054,0.970256
0.995252,1.01509,0.997280,0.995018,0.963884,0.969517,0.969833,0.963845,0.980573,0.960128,0.965765,0.965333,0.974993,0.986034,0.968566,0.960318,0.981631
1.01760,1.04536,1.02593,1.05035,0.975201,1.00152,0.985224,0.981562,1.01543,0.969415,0.981122,0.967688,0.982296,0.986778,0.967906,0.963614,1.01699
1.01374,1.04499,1.04106,1.06703,1.01371,1.01600,0.989886,0.986988,1.02302,0.974669,0.992517,0.972675,0.985025,0.982181,0.967878,0.963438,1.02498
1.00992,1.03690,1.03800,1.05569,1.04407,1.01860,0.991821,0.988982,1.02095,0.966038,0.997163,0.986563,0.986500,0.975658,0.969053,0.963702,1.02167
1.01071,1.03606,1.03018,1.04978,1.05213,1.01869,0.993756,0.991584,1.01831,0.959752,1.00117,0.999654,0.988050,0.967164,0.976073,0.964141,1.02167
1.01342,1.03724,1.02695,1.04966,1.04194,1.01711,0.996746,0.993356,1.01822,0.951403,1.00411,1.00661,0.991148,0.963355,0.981575,0.967129,1.02598
1.01171,1.03401,1.02236,1.04686,1.02520,1.01442,0.995778,0.990200,1.01454,0.951590,1.00235,1.00558,0.990410,0.960291,0.987048,0.967129,1.02483
1.00896,1.02928,1.01573,1.04014,1.01681,1.00627,0.994459,0.986158,1.01041,0.948682,0.995794,1.00104,0.987681,0.956044,0.989598,0.965284,1.02221
1.00889,1.02437,1.01063,1.03293,1.00902,0.994772,0.990589,0.983445,1.00969,0.948025,0.988458,0.994182,0.986943,0.955475,0.991432,0.965504,1.01945
1.00357,1.01561,1.00493,1.01661,0.996172,0.981624,0.978892,0.977354,1.00660,0.944272,0.978921,0.988675,0.984804,0.954424,0.990114,0.962427,1.01783
1.00000,1.00530,0.998725,0.999919,0.986785,0.975039,0.973527,0.972205,1.00408,0.946149,0.975400,0.981991,0.984951,0.955124,0.989484,0.964097,1.01491
0.995431,0.995930,0.989544,0.986998,0.978097,0.971011,0.962797,0.966392,0.995155,0.947744,0.970362,0.975515,0.981189,0.955913,0.986618,0.960802,1.00999
0.988756,0.988926,0.986739,0.979829,0.973437,0.969268,0.961566,0.963955,0.988694,0.946805,0.970216,0.972190,0.981337,0.958496,0.984383,0.960010,1.00477
0.983794,0.984363,0.978834,0.975374,0.970774,0.966779,0.957608,0.961408,0.979676,0.949714,0.967721,0.970528,0.977575,0.958102,0.983380,0.958736,0.997310
0.978475,0.980614,0.975093,0.973470,0.969876,0.964154,0.958839,0.960301,0.973485,0.948963,0.966939,0.968069,0.971452,0.958671,0.981976,0.957022,0.993160
0.974191,0.978838,0.973818,0.971769,0.967745,0.963498,0.958223,0.959858,0.968729,0.950746,0.962880,0.967342,0.970567,0.959371,0.981030,0.956407,0.987088
0.970729,0.976347,0.972883,0.970675,0.965914,0.962570,0.955233,0.958862,0.966306,0.950746,0.962537,0.964918,0.967616,0.957795,0.979311,0.955968,0.981247
0.968016,0.973092,0.971863,0.970513,0.964916,0.961280,0.952595,0.957422,0.964691,0.950464,0.962293,0.965333,0.966288,0.959940,0.978537,0.954913,0.978710
0.965660,0.971735,0.971778,0.970513,0.964916,0.960194,0.951803,0.958308,0.963884,0.949620,0.960581,0.963775,0.965403,0.958715,0.979225,0.954913,0.974483
0.965767,0.970157,0.970248,0.969015,0.964550,0.959334,0.951627,0.956758,0.963211,0.949432,0.961706,0.964121,0.964370,0.959459,0.976847,0.953902,0.972639
0.963554,0.968406,0.970163,0.969865,0.964050,0.958451,0.951099,0.957034,0.961775,0.945398,0.961021,0.963013,0.964960,0.958014,0.974898,0.954386,0.972177
0.963840,0.969392,0.971353,0.969946,0.964117,0.959470,0.951012,0.956702,0.963121,0.945117,0.961706,0.964814,0.963780,0.960072,0.976016,0.955264,0.972177
0.963233,0.969343,0.971693,0.970554,0.964084,0.959175,0.948725,0.957588,0.960160,0.944835,0.962733,0.963498,0.962968,0.960291,0.975529,0.954122,0.969026
0.962055,0.966482,0.971183,0.967151,0.963817,0.958248,0.951275,0.958031,0.961595,0.942021,0.961119,0.964329,0.962600,0.957532,0.972491,0.953199,0.967105
0.959841,0.966309,0.973053,0.963142,0.960056,0.955713,0.947493,0.955152,0.959935,0.941364,0.957500,0.959654,0.959575,0.966332,0.965757,0.951749,0.964492
0.980974,0.998668,0.985974,0.981611,0.959324,0.960216,0.956464,0.956868,0.967024,0.949338,0.959407,0.958511,0.965698,0.979160,0.961087,0.952013,0.970487
1.00732,1.03460,1.01326,1.03726,0.967679,0.988730,0.975726,0.975029,1.00440,0.960221,0.974128,0.962736,0.973886,0.982444,0.961516,0.956187,1.00546
1.00660,1.03976,1.03315,1.05930,1.00100,1.00808,0.978540,0.981175,1.01498,0.964443,0.985817,0.968312,0.976689,0.976971,0.961918,0.956539,1.01737
1.00268,1.03401,1.03298,1.05286,1.03319,1.01156,0.981794,0.982670,1.01346,0.958908,0.990757,0.980260,0.976689,0.969441,0.962233,0.956978,1.01629
1.00610,1.03320,1.02678,1.04747,1.04647,1.01394,0.987335,0.985106,1.01391,0.951309,0.994963,0.994424,0.980378,0.962436,0.968279,0.960670,1.01798
1.01017,1.03421,1.02482,1.04751,1.04224,1.01328,0.991645,0.988539,1.01548,0.946524,0.999707,1.00170,0.982960,0.958802,0.975901,0.962779,1.01898
1.00821,1.03214,1.01845,1.04407,1.02613,1.01073,0.991557,0.985936,1.01225,0.944929,0.995549,1.00242,0.984140,0.956219,0.980773,0.962603,1.01983
1.00464,1.02674,1.01165,1.03892,1.01594,1.00156,0.987335,0.981950,1.00740,0.943053,0.989778,0.997853,0.981927,0.952848,0.982492,0.960757,1.01868
1.00264,1.02059,1.00714,1.02949,1.00802,0.989998,0.980915,0.977188,1.00435,0.941833,0.982883,0.992208,0.980820,0.952104,0.983266,0.957945,1.01645
0.999036,1.01260,1.00153,1.01385,0.997537,0.977438,0.973175,0.973202,1.00301,0.937705,0.975351,0.985281,0.979197,0.952060,0.984297,0.959219,1.01330
0.994610,1.00249,0.996600,0.997286,0.984954,0.970264,0.966227,0.968274,1.00013,0.940707,0.971976,0.979879,0.979197,0.951447,0.982893,0.957989,1.00991
0.990505,0.994451,0.991244,0.983758,0.976832,0.966756,0.957256,0.962737,0.991879,0.939675,0.968700,0.972433,0.976763,0.952848,0.980945,0.958297,1.00784
0.984008,0.985917,0.982829,0.976103,0.971873,0.964788,0.953122,0.958862,0.985464,0.942021,0.966645,0.968416,0.974181,0.953373,0.979111,0.955924,0.999616
0.977797,0.980836,0.977814,0.973673,0.967179,0.962434,0.951803,0.957201,0.976850,0.943334,0.962880,0.967377,0.971083,0.953286,0.976474,0.955352,0.993313
0.972514,0.977655,0.973478,0.970554,0.966780,0.960850,0.952243,0.956259,0.971511,0.939957,0.962537,0.966164,0.968870,0.954336,0.975185,0.954298,0.987549
0.968801,0.975780,0.971013,0.969339,0.965082,0.959198,0.951627,0.954709,0.967428,0.942959,0.962195,0.965576,0.964518,0.955431,0.974125,0.951222,0.981708
0.966802,0.973412,0.970333,0.968042,0.964982,0.957410,0.949604,0.955761,0.963300,0.944179,0.959114,0.963359,0.963927,0.954424,0.972262,0.950782,0.976866
0.962233,0.970823,0.965998,0.966787,0.961920,0.955713,0.946790,0.953103,0.959756,0.943147,0.957744,0.962597,0.960829,0.953461,0.971976,0.949464,0.972177
0.960377,0.968554,0.967188,0.966098,0.962020,0.954966,0.945471,0.952827,0.959711,0.942865,0.956619,0.960519,0.959501,0.953330,0.969740,0.948058,0.967643
0.959128,0.967123,0.966423,0.966949,0.962319,0.955011,0.944503,0.952605,0.958859,0.943147,0.955935,0.960381,0.958616,0.954599,0.970256,0.948893,0.966951
0.958699,0.966038,0.966508,0.965855,0.961953,0.954876,0.944591,0.952660,0.957737,0.943522,0.957793,0.961143,0.956698,0.954555,0.969454,0.949464,0.965875
0.957414,0.965693,0.966508,0.965369,0.960955,0.954038,0.945383,0.952051,0.956974,0.944460,0.956424,0.960693,0.955887,0.953942,0.968164,0.947794,0.966106
0.956236,0.965520,0.968293,0.966058,0.960289,0.953812,0.943096,0.953103,0.957916,0.942677,0.955788,0.959896,0.956108,0.954161,0.968193,0.949420,0.966106
0.956557,0.965125,0.967698,0.964802,0.960822,0.953359,0.942128,0.952051,0.957961,0.941270,0.955886,0.959723,0.955518,0.954599,0.968336,0.947618,0.966874
0.956700,0.964533,0.971268,0.964924,0.961887,0.954468,0.944415,0.953435,0.956974,0.940614,0.957891,0.959688,0.957436,0.955343,0.967878,0.949332,0.964031
0.956129,0.964977,0.972883,0.965491,0.960056,0.953608,0.945734,0.953325,0.957827,0.942865,0.956962,0.958892,0.957362,0.955562,0.966531,0.948058,0.963031
0.954987,0.964311,0.977134,0.964114,0.959889,0.954921,0.943799,0.952605,0.957692,0.943709,0.957158,0.959723,0.958173,0.956963,0.967706,0.950255,0.962801
0.954094,0.963374,0.977644,0.963344,0.958824,0.953178,0.941689,0.950058,0.957244,0.943240,0.955935,0.959030,0.957510,0.954336,0.966502,0.948717,0.960802
0.952488,0.963497,0.976539,0.961562,0.957559,0.952296,0.940369,0.951608,0.956167,0.945117,0.954517,0.959792,0.954780,0.955300,0.963838,0.947794,0.959342
0.952381,0.963695,0.977134,0.962007,0.957526,0.951640,0.941953,0.950778,0.956212,0.944460,0.953636,0.959169,0.955001,0.955124,0.962462,0.947530,0.959265
0.951667,0.965027,0.976539,0.960914,0.955928,0.950983,0.943448,0.952716,0.956571,0.941927,0.954957,0.959203,0.954411,0.953855,0.962491,0.947398,0.957574
0.951417,0.964681,0.975519,0.962129,0.956428,0.952296,0.943712,0.952051,0.956750,0.940614,0.954321,0.959100,0.953895,0.953461,0.962061,0.948014,0.958958
0.950489,0.963818,0.973988,0.961724,0.956028,0.951232,0.942568,0.951387,0.955584,0.939863,0.953000,0.957264,0.953379,0.952235,0.961373,0.946036,0.957421
0.950061,0.962758,0.974753,0.962817,0.954896,0.950259,0.940985,0.950612,0.952847,0.940332,0.952756,0.957229,0.951165,0.951710,0.960771,0.944191,0.956806
0.950132,0.963695,0.974838,0.963709,0.955729,0.951617,0.942304,0.950003,0.953071,0.935547,0.952071,0.955948,0.952125,0.951666,0.960227,0.946036,0.956959
0.951596,0.964953,0.976029,0.964235,0.956994,0.952318,0.943008,0.952716,0.954821,0.936861,0.952756,0.955983,0.952788,0.952760,0.960456,0.945685,0.957497
0.949561,0.967444,0.975263,0.962372,0.956860,0.951956,0.942128,0.951332,0.952712,0.938268,0.953881,0.956156,0.952862,0.952542,0.959597,0.944762,0.955345
0.947562,0.966260,0.975008,0.961035,0.954497,0.949444,0.938874,0.949947,0.951411,0.940520,0.951729,0.954736,0.951018,0.951272,0.957018,0.943356,0.955576
0.947919,0.965890,0.977049,0.959172,0.954430,0.948562,0.938610,0.949560,0.951366,0.938362,0.950897,0.954805,0.950797,0.950046,0.956244,0.944278,0.953962
0.948347,0.967000,0.975434,0.959010,0.954131,0.949354,0.939138,0.949892,0.952802,0.937236,0.950555,0.954563,0.950206,0.949740,0.957304,0.943971,0.954423
0.945813,0.966358,0.973903,0.956620,0.953166,0.947023,0.938522,0.948342,0.949302,0.938080,0.949528,0.952485,0.948952,0.948820,0.955126,0.941905,0.952502
0.945634,0.964459,0.975179,0.958403,0.952999,0.946842,0.937203,0.947400,0.949168,0.938737,0.950800,0.952069,0.947256,0.948470,0.955298,0.941466,0.953962
0.944920,0.963917,0.975349,0.958321,0.951335,0.947634,0.938347,0.947456,0.948943,0.937611,0.949186,0.952450,0.948731,0.948207,0.953665,0.941642,0.952117
0.946241,0.965150,0.976199,0.960266,0.953066,0.949082,0.938874,0.948674,0.951680,0.937048,0.949430,0.952554,0.949395,0.948776,0.954811,0.942696,0.952502
0.945135,0.962955,0.974924,0.959010,0.952000,0.947385,0.936500,0.949006,0.948360,0.940051,0.949186,0.953628,0.948879,0.947200,0.955040,0.941246,0.952579
