Det0.000000,Det0.000000,Det0.000000,Det0.000000,Det0.000000,Det0.000000,Det0.000000,Det0.000000,Det0.000000,Det0.000000,Det0.000000,Det0.000000,Det0.000000,Det0.000000,Det0.000000,Det0.000000,Det0.000000,Det0.000000
1.00069,1.00394,1.00035,1.00121,1.00643,1.00444,1.00913,1.00459,1.00210,1.00633,1.00617,1.00597,1.00453,1.00439,1.00680,1.00312,1.00186,1.00497
1.00080,1.00480,1.00174,1.00265,1.00520,1.00379,1.01043,1.00405,1.00245,1.00633,1.00654,1.00432,1.00547,1.00052,1.00611,1.00372,1.00064,1.00500
0.997986,1.00253,0.998087,1.00030,1.00297,1.00366,1.01230,1.00282,1.00156,1.00386,1.00448,1.00204,1.00500,1.00155,1.00320,1.00241,1.00005,1.00331
1.00007,1.00250,0.999305,1.00204,1.00380,1.00339,1.00799,1.00331,1.00315,1.00269,1.00514,1.00456,1.00829,1.00258,1.00326,1.00350,0.999523,1.00328
0.998334,1.00312,0.999652,1.00220,1.00437,1.00254,1.00277,1.00286,1.00335,1.00000,1.00272,1.00385,1.00078,1.00336,1.00250,1.00306,1.00175,1.00328
0.998750,1.00212,0.998261,1.00151,1.00293,1.00102,0.998207,1.00212,1.00128,1.00007,1.00118,1.00361,1.00219,1.00000,1.00157,1.00230,0.999416,1.00184
0.999688,1.00033,1.00000,1.00053,1.00004,1.00027,0.999185,1.00064,1.00016,0.999927,1.00066,1.00008,0.999844,1.00077,1.00087,1.00000,0.999257,1.00078
1.00059,0.999792,1.00278,1.00000,0.999781,0.999119,1.00065,0.999309,1.00058,1.00022,1.00044,1.00110,0.999375,1.00129,0.999767,0.999781,1.00143,1.00054
1.00174,1.00017,1.00452,1.00023,0.999825,1.00003,1.00139,0.999704,1.00054,1.00196,1.00081,1.00141,1.00031,0.998967,1.00012,1.00049,1.00265,0.999819
1.00229,1.00087,1.00417,1.00189,1.00004,1.00085,1.00179,1.00025,0.999767,1.00116,1.00132,1.00102,1.00031,1.00103,1.00116,1.00142,1.00297,1.00127
1.00371,1.00211,1.00052,1.00310,1.00153,1.00220,1.00611,1.00123,1.00124,1.00233,1.00176,1.00212,1.00313,1.00207,1.00070,1.00257,1.00324,1.00193
1.00302,1.00233,1.00278,1.00439,1.00232,1.00196,1.00538,1.00286,1.00335,1.00153,1.00140,1.00071,1.00125,1.00000,1.00087,1.00219,1.00265,1.00235
1.00132,1.00268,1.00122,1.00204,1.00192,1.00122,1.00513,1.00054,1.00004,1.00080,1.00206,1.00000,1.00000,1.00155,1.00035,1.00148,1.00106,1.00268
1.00080,1.00221,1.00070,1.00106,0.999607,1.00054,1.00701,1.00035,0.998872,0.998836,1.00103,0.998507,0.998749,0.996644,0.999070,1.00066,0.998408,1.00313
0.998299,1.00093,0.996522,0.999016,0.998820,1.00010,1.00709,0.998864,0.998561,0.998035,1.00110,0.998743,0.999218,0.994837,0.999825,1.00055,0.995649,1.00115
0.998091,1.00004,0.998261,1.00038,0.998951,0.999831,1.00359,0.998765,0.998289,0.996507,1.00154,0.998586,0.998437,0.996386,0.999070,0.999234,0.996392,1.00045
0.995765,0.999445,0.996348,0.998713,0.999038,0.996783,1.00383,0.999012,0.996266,0.998253,0.997796,0.998428,0.998280,0.996386,0.998372,0.998961,0.996286,1.00042
0.994064,0.998168,0.997913,0.998334,0.998077,0.997223,1.00187,0.997481,0.996499,0.998836,0.998530,0.998271,0.998593,0.998967,0.997383,0.997211,0.995968,0.999548
0.992849,0.996946,0.995131,0.996744,0.996372,0.995428,0.999185,0.998173,0.993309,0.997307,0.999339,0.997250,0.995153,0.993805,0.997965,0.995297,0.993686,0.998945
0.992710,0.996405,0.995827,0.996517,0.996984,0.994581,0.993970,0.996592,0.994749,0.997235,0.997869,0.997721,0.997342,0.997419,0.998139,0.997594,0.995225,0.997861
0.991287,0.995989,0.992349,0.993337,0.994711,0.993463,0.994948,0.995012,0.993698,0.996507,0.998163,0.996700,0.996717,0.997419,0.996046,0.996391,0.993952,0.997951
0.989967,0.994462,0.993045,0.991369,0.994011,0.992346,0.995192,0.994863,0.991987,0.994615,0.995371,0.995128,0.994215,0.992514,0.994883,0.996117,0.991352,0.996294
0.991078,0.994406,0.994436,0.992656,0.995672,0.993226,0.996659,0.995901,0.991442,0.994469,0.995738,0.995521,0.995310,0.994579,0.996220,0.993820,0.992413,0.995722
0.990627,0.995128,0.993914,0.994473,0.997902,0.993531,0.995111,0.994617,0.993037,0.994324,0.995959,0.996936,0.997186,0.995354,0.994534,0.995242,0.992678,0.996927
0.990210,0.993601,0.992871,0.993413,0.993618,0.991770,0.995355,0.994221,0.992415,0.994906,0.995518,0.995364,0.993121,0.995095,0.995464,0.992727,0.990397,0.994999
0.987850,0.993379,0.991827,0.990006,0.993268,0.991668,0.995763,0.993826,0.990626,0.993159,0.995738,0.994500,0.995779,0.996128,0.992033,0.994258,0.991352,0.994667
0.988718,0.993907,0.991306,0.992580,0.993705,0.991397,0.996903,0.993629,0.990003,0.993741,0.996914,0.995757,0.994841,0.993547,0.993545,0.994586,0.990185,0.994697
0.989308,0.994434,0.993914,0.992807,0.994711,0.991905,0.996659,0.994419,0.991365,0.994178,0.994930,0.996307,0.995779,0.993030,0.992615,0.995953,0.991511,0.995360
0.988718,0.994712,0.992175,0.991672,0.993618,0.991499,0.993889,0.992295,0.991520,0.993523,0.994930,0.997329,0.996248,0.992514,0.993080,0.994367,0.992360,0.994908
0.986461,0.991922,0.992697,0.989022,0.990646,0.989331,0.995844,0.990418,0.988369,0.991776,0.993534,0.993714,0.991870,0.987868,0.989824,0.991688,0.989442,0.993823
0.987225,0.990909,0.990089,0.988870,0.991651,0.987672,0.988592,0.989529,0.986969,0.990685,0.991035,0.991750,0.991401,0.989675,0.989242,0.989391,0.988911,0.992287
0.989100,0.989951,0.990436,0.989930,0.991476,0.987841,0.987614,0.987949,0.986813,0.991413,0.991109,0.992536,0.993590,0.991482,0.987905,0.990867,0.989389,0.991112
0.989724,0.990298,0.992697,0.989173,0.988067,0.988451,0.990059,0.986961,0.988603,0.990103,0.990668,0.990807,0.989056,0.987093,0.986974,0.991906,0.991617,0.991503
0.990002,0.989979,0.992349,0.989097,0.987761,0.987130,0.991688,0.986516,0.988525,0.988865,0.990447,0.992064,0.992183,0.986835,0.988021,0.988789,0.991723,0.991594
0.991564,0.990909,0.996001,0.990157,0.991126,0.989670,0.989488,0.988591,0.989809,0.991121,0.992505,0.994343,0.990775,0.990965,0.990522,0.990758,0.993633,0.992136
0.993751,0.992713,0.995653,0.993262,0.992394,0.990314,0.989244,0.988492,0.989420,0.992140,0.992725,0.994500,0.992808,0.994321,0.990405,0.992891,0.993952,0.994185
0.991946,0.992075,0.990784,0.993413,0.989465,0.989907,0.993644,0.989529,0.988097,0.990612,0.989933,0.992928,0.991401,0.989933,0.988254,0.992672,0.992201,0.992377
0.992050,0.991020,0.990958,0.992353,0.989728,0.990280,0.993400,0.989431,0.988603,0.990103,0.990668,0.990336,0.988743,0.989933,0.989010,0.990758,0.991882,0.992618
0.992849,0.991783,0.992871,0.992883,0.992481,0.989975,0.993074,0.990418,0.989459,0.990175,0.991035,0.989943,0.989681,0.987868,0.987730,0.991469,0.990344,0.993613
0.989898,0.991852,0.990784,0.991899,0.991083,0.989094,0.995192,0.988690,0.988292,0.989011,0.990594,0.991907,0.990619,0.986835,0.989010,0.991305,0.989813,0.993582
0.988718,0.989604,0.989567,0.990536,0.988329,0.986961,0.996415,0.987257,0.986386,0.987774,0.990080,0.988843,0.988118,0.982705,0.987207,0.989500,0.989283,0.991413
0.986496,0.989076,0.991827,0.986523,0.987280,0.986486,0.994133,0.986368,0.986191,0.987483,0.990080,0.990493,0.988899,0.984254,0.985288,0.988352,0.987213,0.991745
0.987503,0.990034,0.988350,0.987735,0.989815,0.986622,0.990629,0.987751,0.987241,0.988793,0.990153,0.990257,0.987023,0.987352,0.987382,0.990703,0.988115,0.991082
0.986635,0.989354,0.989219,0.987432,0.988897,0.986927,0.992829,0.988591,0.985880,0.987992,0.989492,0.990885,0.987961,0.985803,0.985056,0.989500,0.988115,0.991473
0.982955,0.987092,0.984003,0.987508,0.985356,0.983235,0.992992,0.985134,0.983546,0.987046,0.988023,0.988371,0.985772,0.981931,0.984823,0.985289,0.984773,0.987948
0.982747,0.987189,0.985916,0.985312,0.986143,0.983404,0.991199,0.985973,0.982068,0.987701,0.988169,0.987664,0.987180,0.982963,0.984648,0.984797,0.984667,0.988701
0.983129,0.988493,0.985742,0.989173,0.987804,0.983777,0.988347,0.985381,0.983507,0.987628,0.989051,0.990650,0.987023,0.987610,0.986451,0.988406,0.985675,0.989696
0.982886,0.986523,0.986263,0.986448,0.986624,0.983472,0.991688,0.985924,0.982340,0.987046,0.989125,0.990493,0.987336,0.982963,0.983834,0.987367,0.985038,0.988460
0.981184,0.985815,0.986611,0.985388,0.984613,0.983506,0.990140,0.983948,0.981718,0.985299,0.987729,0.989707,0.982333,0.980898,0.982206,0.986657,0.983075,0.988400
0.982052,0.985926,0.986263,0.986145,0.986187,0.981711,0.988836,0.983800,0.980706,0.986246,0.987802,0.986878,0.985616,0.983738,0.982846,0.985180,0.983924,0.987165
0.981497,0.986092,0.986785,0.985842,0.985488,0.982456,0.987859,0.985183,0.981095,0.986318,0.986626,0.989864,0.986554,0.985286,0.983718,0.986766,0.984136,0.987888
0.980733,0.985523,0.984351,0.985766,0.984176,0.980085,0.989244,0.983306,0.979773,0.984863,0.986333,0.987507,0.985929,0.981673,0.980520,0.984524,0.983447,0.986532
0.980872,0.985620,0.983307,0.985009,0.983739,0.981203,0.987859,0.983602,0.979345,0.986318,0.986112,0.989707,0.985772,0.980382,0.982729,0.984961,0.983606,0.985839
0.981427,0.985023,0.982959,0.984479,0.985706,0.981406,0.986962,0.983405,0.980084,0.986027,0.987067,0.988528,0.985460,0.983221,0.984125,0.986492,0.984083,0.987978
0.980143,0.984996,0.985046,0.985842,0.984963,0.981847,0.985251,0.982812,0.978567,0.982898,0.983246,0.986957,0.986085,0.982963,0.981799,0.985617,0.983659,0.986713
0.978373,0.982567,0.981047,0.982511,0.981859,0.978663,0.983866,0.980195,0.976778,0.982097,0.983614,0.984993,0.982489,0.979349,0.979648,0.983266,0.979627,0.985146
0.979796,0.981068,0.983133,0.981072,0.981422,0.978934,0.983051,0.979009,0.977167,0.981224,0.982218,0.986093,0.981707,0.982705,0.976159,0.982500,0.981112,0.983188
0.982087,0.981845,0.983829,0.982965,0.981247,0.978426,0.983621,0.978318,0.979151,0.982388,0.983099,0.987350,0.981707,0.983738,0.978252,0.984414,0.984826,0.983941
0.982990,0.982359,0.987133,0.983495,0.981641,0.979679,0.983132,0.978021,0.979695,0.982316,0.982438,0.987664,0.981238,0.978317,0.979473,0.982719,0.986152,0.983820
0.983302,0.982331,0.988871,0.984782,0.980985,0.979408,0.987288,0.977478,0.977828,0.981661,0.983908,0.985621,0.981395,0.979349,0.978310,0.981024,0.985728,0.983790
0.984899,0.983261,0.986785,0.983798,0.980810,0.980932,0.987696,0.979454,0.979306,0.982316,0.984275,0.985857,0.983584,0.979866,0.978775,0.982063,0.985357,0.985146
0.986218,0.984843,0.988871,0.986145,0.983083,0.982930,0.988673,0.980639,0.980395,0.982752,0.983908,0.984835,0.982489,0.982447,0.979648,0.984414,0.985675,0.986080
0.986253,0.984135,0.985916,0.985918,0.983346,0.980593,0.987940,0.981528,0.980201,0.982607,0.983540,0.985778,0.982176,0.979349,0.979299,0.985617,0.985304,0.986231
0.983302,0.982386,0.984524,0.984630,0.982122,0.980119,0.989407,0.979503,0.980084,0.980569,0.984349,0.983657,0.982802,0.979866,0.978136,0.985563,0.982226,0.986231
0.982330,0.981706,0.984872,0.985236,0.982253,0.979205,0.990874,0.979750,0.977984,0.979186,0.981189,0.983893,0.981238,0.979608,0.978194,0.984633,0.983500,0.984242
0.981601,0.982525,0.984524,0.982283,0.983127,0.978460,0.989488,0.979750,0.978450,0.982025,0.984422,0.985150,0.980300,0.979866,0.977903,0.984797,0.982810,0.985086
0.980351,0.981540,0.983307,0.981678,0.980592,0.978053,0.986066,0.979553,0.978061,0.980642,0.983173,0.984678,0.980613,0.980124,0.979241,0.983539,0.981377,0.983700
0.979622,0.980887,0.984524,0.980466,0.980810,0.977105,0.984843,0.977527,0.976855,0.981079,0.982291,0.982007,0.981707,0.979091,0.976798,0.981899,0.980263,0.983459
0.977956,0.980054,0.981221,0.981829,0.979543,0.976529,0.984925,0.978318,0.976350,0.980278,0.983540,0.985150,0.980769,0.980124,0.976973,0.981625,0.980528,0.983007
0.977331,0.980138,0.981047,0.980466,0.979892,0.976868,0.985821,0.976836,0.975572,0.979550,0.982144,0.983578,0.978268,0.976768,0.977205,0.981024,0.978247,0.982254
0.976324,0.980221,0.982090,0.981148,0.978231,0.976394,0.985740,0.977527,0.975455,0.980860,0.981189,0.983814,0.979831,0.979349,0.975286,0.982446,0.979308,0.982224
0.976776,0.979985,0.980873,0.979255,0.979630,0.975445,0.987288,0.976885,0.974872,0.980569,0.981336,0.984207,0.982958,0.976252,0.977089,0.980805,0.978300,0.982796
0.976810,0.979083,0.979134,0.979331,0.977794,0.975310,0.983540,0.975651,0.973588,0.979987,0.980528,0.985543,0.978580,0.974961,0.974356,0.980094,0.978937,0.981470
0.975075,0.979527,0.980699,0.980088,0.977357,0.974260,0.982562,0.976737,0.974055,0.979332,0.981703,0.982635,0.978893,0.978317,0.974821,0.978782,0.978831,0.980958
0.975109,0.979111,0.979134,0.978346,0.978013,0.975005,0.983947,0.976145,0.972343,0.979623,0.981630,0.983185,0.978737,0.978059,0.975170,0.979875,0.977929,0.981440
0.975179,0.978569,0.978786,0.977665,0.977357,0.974124,0.983377,0.976935,0.972654,0.978750,0.979940,0.983578,0.975766,0.976768,0.974937,0.977196,0.978088,0.980898
0.974484,0.977695,0.978786,0.978498,0.977707,0.972431,0.983458,0.976540,0.973316,0.978313,0.981556,0.982164,0.980300,0.976252,0.974647,0.980313,0.976602,0.980747
0.973755,0.977015,0.975656,0.977816,0.976352,0.974768,0.984273,0.975749,0.973627,0.977221,0.980748,0.983421,0.979049,0.972896,0.974123,0.978891,0.976815,0.980446
0.975352,0.977153,0.978786,0.978649,0.976308,0.974226,0.980851,0.975502,0.972654,0.977076,0.980968,0.982321,0.977173,0.976252,0.973367,0.978071,0.976443,0.981199
0.973547,0.977875,0.977221,0.978574,0.975958,0.972770,0.979465,0.975552,0.972888,0.976858,0.978544,0.981850,0.977486,0.977284,0.972786,0.979657,0.976284,0.980777
0.974103,0.975766,0.975656,0.975167,0.974778,0.970907,0.975880,0.972539,0.971254,0.975329,0.975678,0.980357,0.977173,0.973154,0.971856,0.975883,0.974533,0.978939
0.973061,0.974461,0.976700,0.975394,0.973817,0.971144,0.976776,0.969823,0.970009,0.974456,0.975751,0.978000,0.973734,0.969799,0.971739,0.976266,0.976019,0.977614
0.975248,0.974155,0.979830,0.975924,0.974647,0.970094,0.976206,0.970860,0.971760,0.974092,0.975751,0.979257,0.974672,0.975478,0.971041,0.976594,0.977610,0.976379
0.975457,0.974655,0.981916,0.977059,0.973729,0.971347,0.978976,0.970317,0.972188,0.974893,0.975531,0.978942,0.974359,0.972638,0.970344,0.977688,0.979573,0.977192
0.976810,0.975766,0.980525,0.976075,0.973773,0.971246,0.977428,0.972292,0.971565,0.974820,0.976633,0.981300,0.974984,0.971347,0.971041,0.976485,0.979839,0.977704
0.979345,0.976793,0.979308,0.979104,0.976833,0.973176,0.981014,0.971848,0.972732,0.976275,0.978544,0.981535,0.975141,0.975736,0.971390,0.977852,0.979998,0.978608
0.980560,0.979277,0.982438,0.977665,0.977576,0.974971,0.981584,0.972095,0.973938,0.975693,0.978837,0.981928,0.977173,0.973154,0.974181,0.979383,0.979414,0.980777
0.979136,0.977403,0.981395,0.978271,0.975565,0.972634,0.982399,0.972292,0.970787,0.974019,0.976633,0.979728,0.973265,0.973154,0.970344,0.978454,0.978831,0.978789
0.978650,0.976126,0.980873,0.977514,0.974297,0.971517,0.983621,0.971551,0.971682,0.973073,0.975751,0.979414,0.973734,0.971864,0.970809,0.976813,0.978035,0.978277
0.977991,0.976876,0.978960,0.976984,0.975609,0.972262,0.982562,0.972539,0.971449,0.973437,0.976413,0.978000,0.973421,0.971089,0.971681,0.978508,0.976708,0.978939
0.977887,0.978042,0.981221,0.979709,0.976570,0.973515,0.980769,0.972342,0.971332,0.973801,0.977735,0.980749,0.974984,0.971606,0.970693,0.979110,0.977398,0.979482
0.975144,0.975196,0.976874,0.977362,0.973423,0.970670,0.981584,0.971897,0.969776,0.974238,0.977074,0.978157,0.972483,0.970573,0.969297,0.977907,0.976178,0.977312
0.973547,0.974405,0.975135,0.975545,0.971762,0.969281,0.982317,0.971206,0.968220,0.974383,0.974943,0.978314,0.970919,0.971864,0.968948,0.974790,0.974056,0.977614
0.971846,0.973767,0.973744,0.976151,0.972636,0.968570,0.979221,0.971354,0.968376,0.973292,0.974723,0.977292,0.971701,0.966701,0.968308,0.973641,0.974533,0.976469
0.971846,0.973656,0.976526,0.975167,0.973904,0.968706,0.975391,0.970613,0.967753,0.972273,0.975163,0.978707,0.974359,0.974187,0.969297,0.975719,0.974480,0.976228
0.970944,0.973378,0.974439,0.971987,0.971631,0.967791,0.977265,0.971354,0.966664,0.974019,0.974061,0.978157,0.974672,0.969024,0.968541,0.974844,0.973260,0.974962
0.968895,0.971699,0.972527,0.971759,0.971063,0.966470,0.976532,0.969279,0.965458,0.972491,0.973914,0.976821,0.972796,0.968250,0.969297,0.973532,0.971668,0.974751
0.969381,0.971268,0.973222,0.972365,0.971106,0.965996,0.975636,0.969773,0.964836,0.972345,0.973914,0.977921,0.971388,0.970315,0.968715,0.973422,0.971827,0.974571
0.967854,0.971005,0.972005,0.970700,0.971412,0.966132,0.977591,0.967699,0.965264,0.970744,0.971636,0.976900,0.969199,0.968766,0.965866,0.972711,0.969811,0.973817
0.967923,0.971366,0.974265,0.969640,0.970451,0.967046,0.978080,0.968341,0.964680,0.971909,0.972812,0.976114,0.969981,0.966443,0.966564,0.972766,0.970554,0.973215
0.968757,0.972129,0.972179,0.970472,0.971631,0.965590,0.974984,0.968785,0.964991,0.970090,0.972224,0.976507,0.971545,0.969799,0.966157,0.973805,0.970607,0.973607
0.968895,0.971893,0.974961,0.971835,0.971937,0.965725,0.973680,0.967847,0.965458,0.971327,0.973253,0.979100,0.973265,0.970573,0.967029,0.974024,0.971668,0.974239
0.968479,0.971379,0.972179,0.968958,0.970363,0.966267,0.977265,0.967403,0.964369,0.970526,0.971857,0.976349,0.970450,0.967734,0.964703,0.973204,0.970660,0.972130
0.968132,0.969853,0.970788,0.970094,0.968003,0.964438,0.975799,0.965526,0.963436,0.970744,0.973106,0.976192,0.970450,0.966185,0.966622,0.970688,0.969758,0.973697
0.982608,0.972309,0.974091,0.975999,0.971937,0.966910,0.973191,0.968390,0.965575,0.970963,0.975237,0.976742,0.970138,0.969541,0.965517,0.973149,0.973313,0.974269
1.09637,0.998126,1.03373,1.04573,0.974166,0.989975,0.998126,0.965378,0.964836,0.986318,1.00419,1.00236,0.985303,0.993547,0.966099,0.979329,0.979361,0.983338
1.08536,1.03185,1.12120,1.09623,0.984963,1.03468,1.05020,0.968341,0.968298,1.00611,1.03042,1.03088,1.01923,1.01291,0.979357,0.991742,0.982810,0.999307
1.04159,1.02251,1.14154,1.07586,1.00061,1.04792,1.05394,0.982170,0.977206,1.01339,1.01624,1.03355,1.02830,1.00852,1.00285,1.00115,0.992997,1.00371
1.04312,1.01184,1.13511,1.05663,1.01744,1.04308,1.04311,1.00894,0.987747,1.00932,1.00867,1.02137,1.02236,1.00129,1.00459,1.01055,1.02525,1.00497
1.05093,1.01301,1.12989,1.05519,1.02653,1.03922,1.03455,1.03601,0.995371,0.999927,1.00941,1.00196,1.00907,0.999226,0.991975,1.01471,1.04982,1.00401
1.05426,1.01517,1.11946,1.05489,1.02583,1.03705,1.03496,1.04806,0.996032,0.988938,0.989566,0.984678,0.989525,0.989933,0.974414,1.01263,1.05597,1.00346
1.05627,1.01767,1.11807,1.05610,1.02596,1.03824,1.03594,1.05250,0.996499,0.980860,0.976339,0.978078,0.979518,0.978317,0.966448,1.00864,1.05046,1.00190
1.05447,1.01763,1.11546,1.05020,1.02015,1.03577,1.03211,1.04628,0.992609,0.977585,0.971196,0.974935,0.974046,0.971089,0.966680,1.00366,1.03942,1.00199
1.05363,1.01023,1.09737,1.04422,1.00992,1.02245,1.02844,1.03171,0.985296,0.973000,0.968109,0.973442,0.972952,0.967476,0.963773,0.995844,1.02579,0.998855
1.05100,0.998751,1.07668,1.02922,0.997771,1.00122,1.02265,1.01388,0.976311,0.969726,0.967595,0.972421,0.966073,0.964120,0.961738,0.989664,1.01035,0.992859
1.04322,0.992394,1.05756,1.01832,0.991957,0.989027,1.00970,0.999309,0.971721,0.970090,0.966713,0.972107,0.968574,0.969282,0.960400,0.985617,0.998196,0.989184
1.03048,0.990076,1.04347,1.00553,0.988766,0.981237,1.00187,0.990468,0.972265,0.970308,0.968183,0.974464,0.968730,0.970315,0.964470,0.985782,0.991829,0.986623
1.01215,0.985745,1.02973,0.997880,0.983695,0.977410,0.999593,0.984343,0.968570,0.970162,0.966493,0.974149,0.967323,0.966443,0.962784,0.981625,0.984508,0.982826
0.997223,0.981456,1.01774,0.990385,0.979193,0.975141,0.996822,0.979701,0.965614,0.966305,0.965391,0.972971,0.968105,0.965668,0.959121,0.977469,0.980794,0.980084
0.990939,0.981012,1.01235,0.988719,0.980155,0.972228,0.988347,0.976737,0.965925,0.968998,0.966272,0.973678,0.966698,0.968250,0.961854,0.977141,0.979414,0.979090
0.985975,0.980651,1.00539,0.988189,0.980155,0.971686,0.985006,0.974169,0.967053,0.969580,0.967007,0.974778,0.968574,0.966185,0.964005,0.977524,0.978247,0.977825
0.981636,0.977292,0.999478,0.986978,0.974997,0.969823,0.985169,0.971403,0.963552,0.967979,0.963039,0.972264,0.965447,0.960506,0.958714,0.975391,0.974905,0.976529
0.978199,0.975141,0.994262,0.982511,0.973248,0.965928,0.982725,0.970415,0.961335,0.966378,0.963774,0.970614,0.964196,0.962313,0.959353,0.973313,0.973950,0.975203
0.976741,0.975141,0.992175,0.979785,0.973685,0.965996,0.976206,0.969131,0.962502,0.967542,0.968183,0.973285,0.964978,0.964378,0.960749,0.972602,0.974905,0.975113
0.975491,0.975280,0.993045,0.977287,0.975259,0.965488,0.974006,0.970415,0.963163,0.968052,0.967375,0.973992,0.968887,0.967217,0.961621,0.972985,0.973790,0.975776
0.972054,0.973295,0.989915,0.974864,0.971237,0.964777,0.975228,0.966514,0.961685,0.967542,0.963480,0.971007,0.967167,0.961022,0.960574,0.972711,0.972676,0.973064
0.972332,0.974919,0.982959,0.975318,0.972243,0.965590,0.973924,0.966810,0.961296,0.965650,0.965097,0.971871,0.964196,0.961280,0.959470,0.972821,0.971774,0.973155
0.971638,0.975072,0.988350,0.975848,0.973860,0.966741,0.971480,0.967353,0.961568,0.967615,0.967081,0.973128,0.969043,0.963862,0.962610,0.974625,0.972039,0.972763
0.971881,0.974614,0.983655,0.975167,0.972024,0.966809,0.970420,0.966909,0.962619,0.967033,0.964729,0.974149,0.966854,0.967217,0.962203,0.973641,0.972676,0.973125
0.974137,0.972837,0.989393,0.972290,0.968309,0.962101,0.970583,0.962562,0.958106,0.977804,0.979425,0.993636,0.977799,0.970573,0.958656,0.969649,0.967795,0.969388
1.06408,1.00139,1.05738,1.00931,0.971369,0.982253,0.992829,0.963600,0.958262,1.00553,1.01999,1.02860,1.01485,1.00103,0.979066,0.978891,0.972358,0.978849
1.06835,1.02555,1.11650,1.06844,0.987979,1.02557,1.02828,0.970662,0.965575,1.01186,1.01903,1.03536,1.02142,1.00620,1.00238,0.988844,0.981059,0.990931
1.04048,1.01743,1.12919,1.07102,1.00927,1.04159,1.03488,0.994271,0.978800,1.01463,1.00191,1.02907,1.01376,0.999742,1.00413,0.997648,1.00891,0.995963
1.05193,1.01044,1.12867,1.06534,1.02028,1.04135,1.03349,1.02583,0.989420,1.00640,1.00382,1.01399,1.00625,0.991740,0.998197,1.00432,1.04388,0.997981
1.05718,1.01380,1.12207,1.05974,1.02579,1.03871,1.02461,1.05058,0.994165,0.993960,0.999118,0.994500,0.993433,0.992256,0.983718,1.00629,1.06160,0.997861
1.05481,1.01557,1.11459,1.05285,1.02645,1.03455,1.02436,1.06406,0.993815,0.984353,0.980528,0.979335,0.976079,0.980640,0.969588,1.00470,1.05990,0.995963
1.05079,1.01598,1.10850,1.04914,1.02443,1.03316,1.02542,1.06643,0.993621,0.976785,0.970093,0.972185,0.970763,0.970573,0.961505,1.00120,1.04844,0.995541
1.04957,1.01584,1.10068,1.04550,1.01836,1.03024,1.02412,1.06218,0.989186,0.972418,0.966787,0.969906,0.964509,0.964636,0.960574,1.00109,1.03847,0.993462
1.05124,1.01267,1.08677,1.04376,1.00839,1.02544,1.01695,1.05008,0.983507,0.970526,0.964582,0.970221,0.963727,0.965927,0.958423,0.995461,1.03093,0.991594
1.04735,1.00222,1.06451,1.03710,0.998995,1.01710,1.01491,1.03265,0.975222,0.966815,0.962745,0.969435,0.964978,0.965668,0.957667,0.989063,1.01772,0.986984
1.03701,0.993171,1.04764,1.02650,0.989903,1.00146,1.01059,1.01383,0.970710,0.966232,0.962451,0.967235,0.962008,0.965410,0.957783,0.983047,1.00345,0.982585
1.02215,0.987772,1.03286,1.01204,0.984220,0.987807,1.00179,0.997728,0.966547,0.966596,0.961276,0.969356,0.961538,0.962313,0.956271,0.979164,0.994748,0.979181
1.00705,0.984829,1.02313,1.00318,0.982996,0.980187,0.995192,0.991011,0.964369,0.967251,0.961863,0.971478,0.961695,0.964120,0.958481,0.978289,0.988062,0.978789
0.995730,0.982206,1.01495,0.994246,0.978843,0.973854,0.988999,0.982763,0.963008,0.964413,0.959879,0.971714,0.962008,0.964636,0.957958,0.975227,0.982757,0.975475
0.988891,0.980485,1.00991,0.988946,0.977051,0.971517,0.985495,0.978318,0.961179,0.965723,0.960100,0.971007,0.959506,0.962313,0.958074,0.973805,0.981112,0.973516
0.983684,0.978486,1.00209,0.987659,0.974428,0.968468,0.980769,0.975404,0.962152,0.966742,0.961129,0.970221,0.962320,0.962571,0.957202,0.973477,0.977663,0.973697
0.979518,0.975988,0.995479,0.982889,0.972549,0.967689,0.981014,0.971749,0.961413,0.965432,0.960394,0.969356,0.963102,0.959732,0.958597,0.972875,0.974480,0.972401
0.977991,0.975099,0.995479,0.981299,0.973379,0.965556,0.977754,0.970366,0.961141,0.965432,0.960908,0.971949,0.958724,0.960764,0.958539,0.971563,0.976072,0.972251
0.976220,0.974600,0.991654,0.981678,0.973598,0.964912,0.976287,0.969526,0.962152,0.964777,0.961937,0.970849,0.960757,0.961022,0.957841,0.971672,0.973472,0.972341
0.974519,0.974197,0.990436,0.978195,0.969795,0.964709,0.976532,0.968144,0.961024,0.964704,0.961423,0.972028,0.961069,0.963603,0.955922,0.970688,0.974162,0.970714
0.972992,0.972559,0.984351,0.974939,0.968615,0.963253,0.974332,0.966316,0.959273,0.963976,0.961349,0.967942,0.957630,0.958957,0.955341,0.970469,0.973101,0.969780
0.971916,0.973253,0.987480,0.975848,0.969533,0.965217,0.975065,0.967008,0.959857,0.964559,0.960247,0.969671,0.958412,0.957667,0.957085,0.970524,0.972941,0.969961
0.973027,0.972823,0.986089,0.974864,0.970320,0.964404,0.971398,0.967205,0.959974,0.964631,0.961276,0.968728,0.960131,0.957667,0.955981,0.971727,0.972941,0.970714
0.972054,0.971810,0.983481,0.972441,0.969139,0.963016,0.968791,0.965476,0.959390,0.963540,0.959145,0.971321,0.961226,0.960764,0.956388,0.970688,0.970554,0.969871
0.971013,0.969256,0.982090,0.970094,0.966211,0.960103,0.964879,0.962908,0.955500,0.974165,0.968991,0.987035,0.969512,0.962571,0.954876,0.967407,0.968485,0.966737
1.03020,0.988382,1.02347,0.982965,0.967260,0.965082,0.967650,0.959846,0.955189,0.997671,1.00941,1.02247,1.00500,0.995870,0.971216,0.970032,0.968379,0.970473
1.07262,1.01922,1.09025,1.04149,0.976133,1.00552,1.00562,0.964686,0.957912,1.00830,1.01734,1.03245,1.01642,1.00077,0.995464,0.980204,0.975435,0.981802
1.04103,1.01917,1.11720,1.06178,0.991782,1.02649,1.02086,0.982664,0.967909,1.00895,1.00441,1.02601,1.00938,0.996644,0.998197,0.989664,0.990980,0.987376
1.04336,1.01103,1.11963,1.05883,1.00734,1.03201,1.02135,1.00909,0.979462,1.00065,1.00073,1.01029,1.00328,0.989933,0.990638,0.993492,1.02584,0.992197
1.05329,1.01092,1.11807,1.05504,1.01744,1.03251,1.01638,1.03541,0.986425,0.988647,0.992652,0.990414,0.988118,0.989417,0.978717,0.999781,1.05353,0.994065
1.05221,1.01317,1.10972,1.04936,1.01958,1.02909,1.01230,1.05132,0.990703,0.977513,0.976339,0.976192,0.971388,0.976768,0.961796,0.999398,1.06186,0.992588
1.04822,1.01310,1.10259,1.04308,1.01880,1.02516,1.01328,1.05828,0.989925,0.971254,0.965464,0.968099,0.966229,0.965152,0.956737,0.998469,1.05698,0.990570
1.04680,1.01348,1.09633,1.04104,1.01377,1.02256,1.00815,1.05591,0.987202,0.967470,0.962010,0.964878,0.961226,0.961797,0.954352,0.997375,1.04749,0.988701
1.04746,1.01097,1.07720,1.03687,1.00599,1.01815,1.00644,1.04697,0.981835,0.965577,0.960614,0.966606,0.961226,0.958441,0.953306,0.993766,1.03618,0.988280
1.04010,1.00068,1.05686,1.02983,0.993356,1.00979,1.00676,1.03082,0.972460,0.963976,0.959365,0.963778,0.956848,0.960248,0.950631,0.986383,1.01905,0.982615
1.02614,0.992533,1.03808,1.01984,0.987935,1.00149,1.00627,1.01166,0.965769,0.962812,0.958189,0.962678,0.959819,0.957925,0.950573,0.982774,1.00658,0.979602
1.01062,0.986647,1.02487,1.00856,0.982428,0.988078,0.996007,0.996049,0.964719,0.963685,0.958116,0.965506,0.959506,0.960764,0.952782,0.977797,0.993952,0.977132
0.998681,0.984024,1.01635,0.999394,0.980024,0.978832,0.992096,0.987406,0.963863,0.962011,0.957087,0.965114,0.956848,0.959990,0.951910,0.976977,0.986948,0.975053
0.989308,0.981206,1.01061,0.991596,0.973511,0.972092,0.985332,0.980491,0.961141,0.962739,0.957161,0.966999,0.958255,0.959990,0.951154,0.973696,0.981537,0.972974
0.984830,0.978431,1.00226,0.985842,0.974297,0.968943,0.978325,0.974465,0.959857,0.963758,0.958557,0.965899,0.957317,0.960506,0.954062,0.971618,0.977663,0.972552
0.980941,0.976779,0.999478,0.982056,0.972287,0.966572,0.973272,0.974070,0.961841,0.962812,0.956940,0.965742,0.959350,0.960764,0.953829,0.972821,0.976496,0.971528
0.978373,0.974044,0.994262,0.979558,0.970276,0.964811,0.973435,0.970662,0.959585,0.962594,0.955618,0.966685,0.957630,0.961022,0.952434,0.971125,0.975170,0.970413
0.975179,0.973156,0.990958,0.977514,0.970320,0.962508,0.970339,0.969131,0.959507,0.961211,0.956352,0.967078,0.956223,0.958183,0.952608,0.971290,0.973366,0.969449
0.974137,0.972962,0.987480,0.975999,0.969445,0.960137,0.968709,0.966069,0.959623,0.960847,0.956279,0.967078,0.959506,0.956376,0.951910,0.969977,0.975435,0.968394
0.973165,0.972740,0.986959,0.975242,0.968921,0.962508,0.969361,0.965921,0.958768,0.960556,0.956940,0.966921,0.957004,0.957150,0.953887,0.971454,0.973737,0.969780
0.973269,0.971504,0.984177,0.974334,0.968134,0.960374,0.969117,0.963896,0.957718,0.960192,0.955985,0.967314,0.956535,0.954053,0.952375,0.971344,0.972093,0.967731
0.971499,0.971143,0.981916,0.973577,0.968090,0.961254,0.968302,0.965081,0.957017,0.961357,0.957748,0.966528,0.956692,0.956892,0.952375,0.971454,0.971986,0.968424
0.970909,0.971324,0.983481,0.974334,0.967435,0.962779,0.966346,0.962612,0.958262,0.960920,0.957822,0.967549,0.956848,0.956634,0.951678,0.971618,0.971350,0.967159
0.969902,0.970172,0.981395,0.971835,0.966954,0.960882,0.965939,0.962562,0.957056,0.961357,0.955397,0.966528,0.956692,0.954053,0.951154,0.968938,0.969811,0.966285
0.968270,0.967160,0.976874,0.970018,0.963938,0.957834,0.965531,0.961328,0.953283,0.968780,0.963260,0.982085,0.963727,0.958441,0.949817,0.966969,0.967477,0.963965
1.01236,0.981276,1.00904,0.975621,0.962626,0.958071,0.963901,0.955944,0.951416,0.990030,1.00367,1.01564,0.994528,0.989417,0.962086,0.967352,0.967742,0.964477
1.06478,1.01181,1.07164,1.02150,0.968396,0.991431,0.994051,0.959105,0.952038,1.00131,1.01205,1.02742,1.01079,0.996128,0.986044,0.974297,0.972676,0.974782
1.03978,1.01714,1.10381,1.05058,0.983127,1.01555,1.01010,0.974515,0.962113,1.00298,1.00073,1.02153,1.00453,0.996644,0.992324,0.983321,0.983393,0.982856
1.03819,1.00944,1.11181,1.05603,0.998689,1.02334,1.01125,0.998024,0.971565,0.996143,0.995885,1.00762,0.996404,0.986835,0.985637,0.990375,1.01443,0.986773
1.04780,1.00877,1.11007,1.04997,1.01018,1.02425,1.00424,1.02563,0.980979,0.984499,0.988978,0.985935,0.980300,0.984770,0.971274,0.993438,1.04388,0.988099
1.04739,1.01105,1.10659,1.04497,1.01460,1.02252,1.00538,1.04381,0.985763,0.972782,0.971783,0.971714,0.967949,0.973412,0.959644,0.994914,1.05783,0.988701
1.04464,1.01126,1.09790,1.03808,1.01530,1.01947,1.00342,1.05146,0.987008,0.967251,0.962010,0.966056,0.961226,0.963603,0.950340,0.993930,1.05746,0.985749
1.04329,1.01235,1.08990,1.03498,1.01128,1.01704,1.00187,1.05532,0.984363,0.963249,0.960688,0.963778,0.956379,0.959732,0.949526,0.993383,1.05093,0.986140
1.04194,1.00991,1.07494,1.03271,1.00201,1.01334,0.999511,1.04638,0.980629,0.962521,0.955912,0.963149,0.956692,0.959473,0.950456,0.989227,1.03953,0.984483
1.03465,0.999445,1.05060,1.02498,0.992656,1.00830,0.999593,1.02934,0.970009,0.960774,0.955324,0.961578,0.952470,0.952246,0.946444,0.982719,1.02377,0.980145
1.01850,0.990603,1.03252,1.01514,0.984220,0.998510,0.994703,1.01190,0.964564,0.959537,0.954148,0.962049,0.952939,0.954827,0.946967,0.977743,1.00647,0.975716
1.00479,0.984857,1.02121,1.00348,0.978581,0.987807,0.991444,0.994518,0.962308,0.960192,0.953266,0.962206,0.951689,0.955343,0.947956,0.975774,0.994854,0.973185
0.991530,0.981734,1.01391,0.992505,0.974734,0.976969,0.985740,0.983849,0.959701,0.959100,0.955618,0.964564,0.952939,0.952762,0.946793,0.972547,0.986895,0.972190
0.985177,0.978361,1.00730,0.985009,0.970844,0.968401,0.982643,0.976490,0.958845,0.958882,0.954368,0.963935,0.954034,0.950697,0.947316,0.970032,0.980263,0.969961
0.979900,0.975738,1.00104,0.981602,0.969314,0.965522,0.976776,0.972638,0.957912,0.958664,0.954589,0.965428,0.953252,0.953794,0.945921,0.970633,0.976921,0.969358
0.976914,0.973739,0.995131,0.977059,0.967959,0.963016,0.974821,0.968835,0.956784,0.958955,0.953707,0.964956,0.952470,0.952246,0.945572,0.969649,0.975435,0.967189
0.973755,0.971588,0.990784,0.975015,0.964768,0.960713,0.971072,0.965427,0.955461,0.957572,0.952899,0.964721,0.955441,0.951471,0.946793,0.967571,0.970819,0.967400
0.973825,0.971241,0.987307,0.973804,0.963981,0.959697,0.972376,0.964834,0.955345,0.957063,0.951870,0.963778,0.950907,0.953794,0.947142,0.965001,0.972252,0.966436
0.971777,0.971338,0.986611,0.972820,0.965599,0.960713,0.967976,0.963303,0.956006,0.958518,0.953707,0.965114,0.954972,0.956634,0.946560,0.968227,0.973207,0.965773
0.970110,0.969714,0.984177,0.972517,0.964069,0.958918,0.966020,0.962118,0.955889,0.957063,0.952972,0.965585,0.952783,0.953020,0.947607,0.967243,0.972623,0.964688
0.969451,0.969089,0.979482,0.971759,0.964593,0.956106,0.965857,0.961130,0.954917,0.955389,0.953266,0.964642,0.951220,0.952246,0.946095,0.964727,0.970925,0.964628
0.969173,0.968590,0.979656,0.971305,0.965162,0.958342,0.965124,0.961031,0.953983,0.957791,0.953340,0.962913,0.951845,0.951471,0.947898,0.965712,0.971509,0.964146
0.969104,0.969894,0.979830,0.971457,0.967085,0.958511,0.961946,0.961772,0.955150,0.957572,0.952899,0.965271,0.953096,0.956634,0.948770,0.964782,0.970501,0.964779
0.968166,0.969228,0.978786,0.971381,0.963369,0.957834,0.959827,0.959747,0.954839,0.957208,0.952531,0.963149,0.954034,0.949923,0.948654,0.963798,0.970395,0.964748
0.964660,0.964842,0.974787,0.966687,0.960659,0.954413,0.960153,0.957031,0.950560,0.962084,0.954295,0.974228,0.956223,0.952504,0.945921,0.961337,0.964559,0.961916
0.994550,0.974600,0.994957,0.967141,0.960528,0.954210,0.957546,0.956092,0.949471,0.974674,0.973841,0.996543,0.971857,0.970315,0.948945,0.963743,0.967530,0.962790
1.04992,0.996794,1.03878,0.991747,0.962451,0.969180,0.973761,0.954907,0.948965,0.973000,0.969579,0.987585,0.971545,0.966185,0.947665,0.969375,0.973313,0.970021
1.05013,1.01048,1.06712,1.02279,0.967522,0.988586,0.992503,0.959204,0.949743,0.968998,0.957895,0.973049,0.961382,0.960506,0.944874,0.973532,0.974586,0.975324
1.03419,1.01274,1.07929,1.03324,0.971106,0.999221,1.00163,0.962710,0.952583,0.966305,0.952752,0.965506,0.954816,0.951213,0.942374,0.973915,0.977982,0.976650
1.03732,1.01278,1.07633,1.04073,0.974734,1.00413,1.00016,0.968045,0.953400,0.963612,0.952678,0.964799,0.954972,0.952762,0.944467,0.976594,0.979945,0.979000
1.04058,1.00801,1.06347,1.03763,0.974035,1.00430,0.997066,0.969724,0.955306,0.961939,0.950841,0.963385,0.955597,0.951988,0.944409,0.975172,0.981483,0.978849
1.02850,0.999084,1.04591,1.02726,0.970888,0.997561,0.991118,0.968489,0.955189,0.958664,0.951429,0.962285,0.951063,0.952762,0.943827,0.973368,0.979202,0.975746
1.00687,0.990700,1.02921,1.00833,0.969926,0.987028,0.981829,0.966415,0.953089,0.957427,0.951062,0.960635,0.950281,0.949923,0.945223,0.969211,0.975541,0.972672
0.990592,0.984538,1.01287,0.995533,0.969008,0.974497,0.975147,0.963600,0.952388,0.957499,0.951650,0.961106,0.950907,0.951471,0.945281,0.968172,0.973154,0.970443
0.982261,0.980096,1.00661,0.985918,0.966560,0.965962,0.969687,0.961871,0.950871,0.957791,0.952899,0.961656,0.950281,0.949148,0.943595,0.966040,0.970925,0.968153
0.977331,0.976557,0.996696,0.980012,0.964112,0.961322,0.969687,0.959352,0.950093,0.954225,0.949519,0.963621,0.949812,0.949923,0.942723,0.964235,0.968007,0.966707
0.973721,0.973906,0.992001,0.978119,0.963063,0.958410,0.965368,0.957673,0.949354,0.954807,0.951870,0.960635,0.949187,0.948632,0.945339,0.963688,0.967901,0.965502
0.972332,0.971962,0.986089,0.975015,0.962233,0.956818,0.963005,0.957673,0.950871,0.954880,0.951282,0.962206,0.952314,0.949923,0.945456,0.963360,0.967424,0.965321
0.971673,0.970630,0.983655,0.971684,0.962845,0.957190,0.960479,0.956685,0.951221,0.955462,0.951135,0.960321,0.949187,0.951471,0.943944,0.963907,0.966416,0.963724
0.968305,0.967660,0.979308,0.970624,0.961009,0.953499,0.961131,0.954265,0.948849,0.954807,0.950988,0.961342,0.947467,0.947599,0.943071,0.961610,0.963179,0.963091
0.966917,0.967396,0.976526,0.968580,0.961446,0.954616,0.961946,0.954117,0.948382,0.952478,0.951429,0.961342,0.948405,0.948116,0.944700,0.963360,0.965514,0.962308
0.966674,0.967757,0.976004,0.967595,0.959872,0.954345,0.960316,0.954364,0.948032,0.955389,0.947755,0.959221,0.952314,0.950955,0.943013,0.963032,0.964983,0.962428
0.966153,0.967285,0.978439,0.967368,0.959260,0.953837,0.961294,0.954067,0.948732,0.954588,0.949445,0.962521,0.949969,0.950955,0.943246,0.962321,0.964240,0.961856
0.965528,0.965897,0.976526,0.965021,0.958954,0.952008,0.964553,0.953475,0.948148,0.955898,0.948857,0.960085,0.947154,0.947857,0.942432,0.960133,0.962649,0.961163
0.964174,0.966285,0.972527,0.965475,0.959391,0.952720,0.959827,0.954462,0.948849,0.953278,0.949886,0.960006,0.946373,0.950697,0.940862,0.960680,0.963657,0.960832
0.964660,0.966535,0.975309,0.962901,0.959304,0.953702,0.958686,0.953623,0.947798,0.953861,0.948784,0.960792,0.949187,0.947599,0.943130,0.961555,0.962967,0.961284
0.964382,0.966091,0.975656,0.966308,0.958605,0.952787,0.956894,0.951894,0.946515,0.952551,0.948637,0.961342,0.949656,0.947599,0.942257,0.961993,0.963179,0.961253
0.961987,0.964606,0.973048,0.963431,0.958911,0.953499,0.956486,0.952388,0.945503,0.951896,0.948563,0.958042,0.947467,0.946051,0.939466,0.961829,0.962065,0.960139
0.962890,0.964120,0.973048,0.963961,0.957337,0.951805,0.951597,0.952191,0.946593,0.953861,0.947682,0.959456,0.949031,0.951988,0.941967,0.961993,0.961800,0.960048
0.963202,0.966174,0.976352,0.965930,0.960047,0.952855,0.950619,0.951153,0.947837,0.951168,0.947094,0.960321,0.948093,0.952504,0.942955,0.962540,0.962861,0.962398
0.962091,0.965411,0.973744,0.963583,0.957949,0.949671,0.948745,0.949523,0.947137,0.951677,0.946139,0.958671,0.946685,0.948890,0.941269,0.959805,0.962224,0.959385
0.964938,0.965952,0.976700,0.963658,0.956594,0.949773,0.951434,0.948733,0.946320,0.952187,0.946947,0.957335,0.946060,0.945276,0.939524,0.958329,0.961216,0.959024
0.971846,0.969464,0.978091,0.964491,0.957556,0.949163,0.954205,0.949425,0.946670,0.953351,0.948931,0.960006,0.946685,0.948890,0.942374,0.959860,0.962118,0.959717
0.979171,0.970685,0.982959,0.964945,0.957556,0.950417,0.954123,0.949622,0.946048,0.954516,0.947535,0.961421,0.949500,0.946309,0.942257,0.958985,0.963922,0.961645
0.984656,0.969714,0.985394,0.964718,0.956594,0.951568,0.958442,0.949326,0.945387,0.955025,0.946947,0.959849,0.948249,0.948116,0.942141,0.960024,0.963657,0.960862
0.986010,0.969755,0.983307,0.964113,0.956507,0.952855,0.958198,0.950906,0.946320,0.954880,0.947755,0.960478,0.950125,0.948116,0.940745,0.959477,0.964134,0.961073
0.982851,0.969297,0.982612,0.965854,0.957687,0.954549,0.957872,0.951795,0.946515,0.954880,0.947314,0.959692,0.949187,0.948632,0.942199,0.960626,0.964559,0.961193
0.976602,0.969103,0.980873,0.965097,0.958080,0.953228,0.959909,0.950709,0.945698,0.952260,0.947020,0.960399,0.947936,0.948116,0.940804,0.962102,0.963232,0.961886
0.968444,0.965314,0.978265,0.961614,0.955064,0.951500,0.960968,0.951746,0.944453,0.952187,0.947461,0.959849,0.944184,0.944760,0.939466,0.959313,0.961216,0.960892
0.966326,0.965522,0.976178,0.960933,0.955064,0.949299,0.962353,0.950659,0.943325,0.951459,0.946212,0.957570,0.945747,0.945534,0.939059,0.958001,0.959784,0.960169
0.963063,0.965217,0.977221,0.961917,0.957424,0.951196,0.957220,0.951301,0.945698,0.950950,0.947241,0.958592,0.946529,0.947083,0.939757,0.958438,0.960420,0.960199
0.963202,0.965092,0.975656,0.962447,0.957293,0.949231,0.956649,0.948684,0.945464,0.951896,0.945698,0.960478,0.948249,0.945276,0.941036,0.958712,0.960685,0.960410
0.962369,0.962843,0.973744,0.962068,0.954496,0.948926,0.954694,0.948684,0.942897,0.951386,0.947535,0.956863,0.945747,0.944760,0.940164,0.959040,0.959624,0.959114
0.959904,0.961969,0.972700,0.959419,0.954977,0.947944,0.951923,0.948190,0.943403,0.949640,0.946873,0.958199,0.945591,0.943469,0.939466,0.956579,0.958935,0.958421
0.961050,0.963274,0.974265,0.961008,0.956987,0.948046,0.950212,0.948684,0.944531,0.951168,0.948123,0.957885,0.946685,0.945534,0.939699,0.957016,0.958935,0.959446
0.960355,0.962913,0.972005,0.960251,0.954845,0.947639,0.950619,0.949523,0.943597,0.949858,0.946653,0.957806,0.945904,0.943986,0.939059,0.957126,0.959465,0.958331
0.959210,0.960942,0.970092,0.960781,0.954102,0.947538,0.950701,0.947498,0.942625,0.948694,0.945845,0.957885,0.945278,0.946567,0.938885,0.956743,0.959147,0.957306
0.959453,0.961303,0.970440,0.959570,0.955457,0.948689,0.950864,0.946708,0.943131,0.950877,0.946947,0.956156,0.944809,0.949664,0.940513,0.957509,0.960208,0.957246
0.958759,0.962455,0.968701,0.961841,0.954539,0.947605,0.950701,0.947251,0.944648,0.950440,0.945330,0.958513,0.944340,0.945534,0.940338,0.958110,0.959412,0.957578
0.957752,0.960858,0.969571,0.958889,0.953884,0.947131,0.954205,0.946461,0.943520,0.949349,0.944669,0.957413,0.946529,0.942695,0.940513,0.955923,0.958033,0.957337
