Det0.000000,Det0.000000,Det0.000000,Det0.000000,Det0.000000,Det0.000000,Det0.000000,Det0.000000,Det0.000000
3.20300,3.73300,0.992093,0.997017,0.992338,0.997529,0.996414,0.995043,0.998292
3.20000,8.78400,0.991310,0.996243,0.993694,0.997751,0.996103,0.995470,0.995917
3.20100,12.2840,0.992354,0.996972,0.994482,0.998353,0.995345,0.994952,0.997847
3.20000,14.2030,0.994634,0.996698,0.993757,0.998099,0.996000,0.995867,0.997995
3.20200,15.8950,0.998670,0.998657,0.999243,1.00051,0.998517,0.998932,0.999258
3.20300,1.53400,1.00104,1.00116,1.00038,1.00079,1.00010,1.00142,1.00015
3.20200,0.738000,1.00242,1.00225,1.00129,1.00120,1.00131,1.00119,1.00171
3.20400,0.686000,1.00408,1.00264,1.00372,1.00234,1.00317,1.00415,1.00587
3.20300,0.673000,1.00299,1.00244,1.00303,1.00158,1.00183,1.00268,1.00290
3.20500,0.676000,0.996700,0.997450,0.997162,0.998574,0.998138,0.997590,0.997179
3.20400,0.678000,0.995964,0.996175,0.997068,0.998004,0.998276,0.995928,0.995842
3.20300,0.679000,0.996082,0.995355,0.994577,0.996674,0.996586,0.996034,0.996362
3.20400,0.681000,0.992948,0.993579,0.991203,0.995755,0.995069,0.993777,0.994951
3.20300,0.681000,0.991523,0.992896,0.991865,0.996230,0.995724,0.992542,0.996139
3.20400,0.681000,0.990526,0.992577,0.990383,0.994646,0.993793,0.990986,0.992873
3.20500,0.683000,0.989790,0.990983,0.988113,0.993221,0.992586,0.990635,0.991610
3.20400,0.690000,0.988532,0.990801,0.988396,0.991478,0.991896,0.990223,0.991536
3.20400,0.688000,0.987344,0.990801,0.988396,0.991351,0.990723,0.989064,0.992650
3.20300,0.683000,0.985801,0.989025,0.985874,0.990401,0.988930,0.987493,0.990719
3.20400,0.677000,0.985920,0.990368,0.986599,0.989546,0.989275,0.987997,0.990794
3.20600,0.682000,0.985896,0.987978,0.985085,0.989736,0.989034,0.987356,0.990868
3.20500,0.684000,0.984258,0.987044,0.982784,0.989292,0.988034,0.986304,0.988715
3.20400,0.686000,0.984543,0.988296,0.984171,0.988627,0.988516,0.987905,0.989086
3.20400,0.686000,0.983973,0.986839,0.981333,0.989197,0.987172,0.987249,0.988344
3.20500,0.685000,0.982334,0.986725,0.981270,0.988184,0.986585,0.985144,0.988344
3.20400,3.70400,0.983023,0.986270,0.981617,0.987011,0.986447,0.985175,0.987824
3.20300,7.70400,0.982121,0.984744,0.979504,0.986726,0.985792,0.984473,0.987824
3.20300,10.6730,0.983142,0.985086,0.981743,0.985586,0.985827,0.984565,0.984780
3.20200,13.0690,0.984353,0.985268,0.985148,0.986536,0.987068,0.985221,0.986933
3.20400,15.1210,0.987178,0.987203,0.984108,0.988279,0.988620,0.988317,0.990794
3.20400,1.49400,0.986252,0.987317,0.985022,0.988152,0.988103,0.988454,0.989235
3.20400,0.743000,0.987012,0.988000,0.985653,0.988690,0.988758,0.989323,0.990571
3.20400,0.686000,0.986680,0.988342,0.984108,0.989102,0.988792,0.989705,0.993466
3.20500,0.676000,0.986680,0.988342,0.985558,0.988374,0.988103,0.988103,0.992353
3.20500,0.676000,0.983902,0.986611,0.983194,0.986790,0.986689,0.986365,0.989680
3.20400,0.677000,0.982240,0.983469,0.981049,0.985237,0.984447,0.983863,0.987304
3.20600,0.678000,0.982952,0.983469,0.981333,0.984984,0.983171,0.983436,0.985300
3.20500,0.679000,0.981171,0.982103,0.980671,0.983115,0.983413,0.982613,0.984557
3.20500,0.676000,0.979699,0.981078,0.979693,0.982323,0.981688,0.981530,0.982701
3.20500,0.674000,0.980316,0.980691,0.981270,0.983051,0.982171,0.981408,0.981587
3.20500,0.673000,0.978868,0.980372,0.981081,0.982830,0.983757,0.980904,0.981810
3.20500,0.677000,0.977728,0.979872,0.978590,0.982576,0.981895,0.980462,0.982924
3.20600,0.678000,0.977562,0.980760,0.977770,0.981943,0.982137,0.980035,0.981587
3.20500,0.677000,0.977016,0.979189,0.977423,0.981784,0.981930,0.979776,0.981884
3.20500,0.679000,0.976636,0.978027,0.977013,0.979725,0.981964,0.978632,0.979880
3.20600,0.679000,0.977206,0.978437,0.977013,0.980264,0.980792,0.977610,0.980325
3.20500,0.685000,0.975781,0.977526,0.975468,0.979282,0.978723,0.977656,0.981587
3.20500,0.681000,0.974285,0.976638,0.975058,0.978141,0.978895,0.976939,0.979805
3.20500,0.680000,0.974380,0.976957,0.973482,0.979218,0.979930,0.976863,0.978395
3.20500,0.671000,0.974333,0.976547,0.972441,0.979598,0.978136,0.977427,0.979137
3.20600,3.66200,0.974665,0.975978,0.973923,0.977698,0.978033,0.977091,0.979805
3.20300,7.74900,0.973312,0.975750,0.971275,0.976209,0.977516,0.976161,0.979434
3.20300,10.7930,0.972861,0.974612,0.970896,0.976494,0.977343,0.974758,0.979583
3.20300,13.1350,0.972932,0.975227,0.970644,0.976430,0.977930,0.975017,0.978840
3.20400,15.1780,0.975805,0.976638,0.973103,0.977127,0.978619,0.976985,0.979880
3.20400,1.47600,0.975900,0.976092,0.973450,0.977603,0.978999,0.977534,0.980771
3.20500,0.742000,0.976802,0.976775,0.974585,0.979155,0.978723,0.978601,0.982033
3.20500,0.690000,0.976256,0.977845,0.974743,0.979091,0.979688,0.979943,0.985151
3.20600,0.680000,0.975971,0.976980,0.973734,0.977824,0.979378,0.978693,0.984928
3.20600,0.675000,0.973074,0.974270,0.972000,0.976304,0.977136,0.975475,0.980028
3.20600,0.671000,0.971958,0.973610,0.971243,0.976019,0.976102,0.974468,0.978618
3.20600,0.675000,0.972006,0.972767,0.970928,0.974498,0.976826,0.973995,0.976316
3.20600,0.678000,0.971958,0.972312,0.969761,0.973801,0.974412,0.972623,0.975796
3.20700,0.681000,0.970011,0.971948,0.967428,0.974054,0.973102,0.971265,0.976093
3.20500,0.679000,0.968326,0.971014,0.967144,0.973262,0.972791,0.971250,0.975796
3.20600,0.676000,0.968136,0.970946,0.966419,0.972946,0.972619,0.970502,0.974460
3.20600,0.674000,0.968088,0.970331,0.967396,0.973104,0.973481,0.971036,0.974163
3.20600,0.677000,0.967471,0.968737,0.965820,0.972027,0.972653,0.970136,0.973792
3.20600,0.677000,0.968658,0.970422,0.965189,0.971076,0.972515,0.970106,0.973940
3.20500,0.678000,0.967186,0.969147,0.966040,0.971013,0.973446,0.969679,0.973198
3.20700,0.679000,0.967091,0.968350,0.966072,0.969334,0.971860,0.969603,0.973123
3.20700,0.676000,0.967067,0.968532,0.966103,0.971013,0.969998,0.970152,0.971639
3.20700,0.679000,0.965429,0.969238,0.965662,0.970284,0.971308,0.968764,0.972901
3.20700,0.682000,0.966212,0.968077,0.964684,0.970031,0.971653,0.969191,0.971861
3.20600,0.677000,0.965761,0.967940,0.964684,0.969049,0.970446,0.968504,0.970896
3.20600,3.72800,0.965714,0.968259,0.965946,0.970221,0.971308,0.968931,0.969411
3.20500,7.81900,0.965595,0.967667,0.964590,0.970475,0.971584,0.968245,0.971119
3.20300,10.7770,0.965880,0.967257,0.963991,0.968891,0.970791,0.967498,0.971416
3.20400,13.0880,0.966758,0.966415,0.964369,0.969144,0.970688,0.967864,0.969485
3.20600,15.1680,0.969014,0.967371,0.967396,0.970095,0.971170,0.968749,0.972233
3.20600,1.43000,0.968539,0.967394,0.965820,0.969651,0.969998,0.968489,0.971193
3.20500,0.741000,0.967138,0.967189,0.965283,0.969556,0.970998,0.967955,0.972455
3.20600,0.687000,0.967162,0.967189,0.965914,0.969714,0.972171,0.969526,0.974608
3.20600,0.675000,0.966806,0.967621,0.963265,0.968986,0.971688,0.968855,0.974534
3.20700,0.673000,0.965025,0.966688,0.962193,0.968701,0.969860,0.966705,0.971861
3.20600,0.671000,0.965168,0.965982,0.963076,0.968796,0.969826,0.966567,0.971045
3.20700,0.673000,0.963339,0.965549,0.960932,0.967243,0.968687,0.965347,0.968892
3.20700,0.664000,0.963197,0.964183,0.962067,0.966800,0.967894,0.964569,0.969560
3.20600,0.670000,0.962223,0.964138,0.961184,0.966198,0.966274,0.964356,0.968520
3.20700,0.668000,0.959968,0.962931,0.961153,0.965406,0.966618,0.962678,0.966219
3.20700,0.674000,0.960656,0.963751,0.960554,0.965564,0.965894,0.964386,0.966664
3.20700,0.678000,0.959065,0.963045,0.958946,0.964741,0.964687,0.962419,0.967110
3.20700,0.671000,0.959065,0.962248,0.958504,0.963220,0.964584,0.961245,0.965699
3.20700,0.669000,0.959493,0.961064,0.958410,0.963188,0.965067,0.961550,0.965922
3.20700,0.665000,0.959540,0.960358,0.957464,0.963537,0.964860,0.961412,0.965625
3.20600,0.672000,0.958970,0.960335,0.957621,0.963125,0.964791,0.961382,0.963917
3.20600,0.673000,0.958401,0.960381,0.957621,0.962967,0.963101,0.960970,0.965254
3.20700,0.672000,0.958638,0.960517,0.956108,0.962745,0.963342,0.961458,0.965847
3.20700,0.672000,0.957237,0.960381,0.954783,0.961446,0.962515,0.959841,0.964214
3.20600,0.676000,0.957617,0.960108,0.955918,0.961636,0.961790,0.960146,0.965179
12.8250,3.63200,0.957285,0.960768,0.954783,0.961668,0.963066,0.960863,0.964363
12.8200,7.62600,0.957380,0.959584,0.954815,0.962967,0.963170,0.960894,0.963620
12.8180,10.6370,0.956264,0.958536,0.955319,0.961921,0.963377,0.961214,0.963620
12.8170,13.0280,0.956857,0.958559,0.955383,0.962270,0.962170,0.961153,0.965847
12.8180,9.04500,0.959896,0.960381,0.956234,0.962079,0.963791,0.961565,0.965328
12.8190,1.23100,0.960158,0.960654,0.957495,0.962871,0.963549,0.962053,0.964511
12.8180,0.721000,0.966402,0.969898,0.964811,0.984952,0.992413,1.01530,0.986413
12.8190,0.680000,0.974784,1.00153,0.973608,1.06298,1.08180,1.14595,1.04484
12.8170,0.673000,0.995964,1.06266,0.992464,1.14516,1.17915,1.21580,1.13832
12.8170,0.669000,1.01681,1.12899,1.00533,1.19670,1.21501,1.19096,1.17418
12.8170,0.666000,1.02291,1.14299,1.01085,1.20902,1.20381,1.14313,1.16564
12.8170,0.666000,1.01327,1.12503,1.01000,1.19268,1.17325,1.12917,1.14426
12.8150,0.665000,0.998409,1.09242,1.00000,1.15856,1.13542,1.11767,1.11382
12.8150,0.668000,0.984424,1.05870,0.991833,1.11493,1.09932,1.07936,1.07588
12.8150,0.667000,0.977277,1.03229,0.985653,1.07404,1.06907,1.03654,1.04069
12.8160,0.668000,0.970747,1.01034,0.979820,1.04299,1.04449,1.01051,1.01418
12.8140,0.667000,0.967495,0.996106,0.977392,1.02303,1.02852,0.995714,1.00119
12.8140,0.668000,0.965832,0.986907,0.976477,1.00782,1.01438,0.986868,0.991536
12.8140,0.669000,0.963624,0.980418,0.974049,0.999208,1.00283,0.980050,0.986933
12.8140,0.670000,0.961226,0.976411,0.972094,0.990496,0.994896,0.975490,0.981142
12.8140,0.669000,0.959801,0.973633,0.972220,0.986980,0.989930,0.972745,0.977430
12.8120,0.666000,0.958638,0.970673,0.971085,0.982513,0.985723,0.970609,0.974757
12.8120,0.674000,0.957427,0.967690,0.969162,0.979218,0.980274,0.969892,0.972455
12.8130,0.669000,0.957665,0.967007,0.969729,0.976430,0.978861,0.969877,0.970376
12.8130,0.667000,0.957142,0.965845,0.968973,0.973611,0.976792,0.969587,0.970599
12.8110,3.61100,0.955836,0.964730,0.966608,0.972914,0.975378,0.969038,0.969634
12.8110,7.58600,0.955528,0.965026,0.966860,0.972090,0.975757,0.968062,0.970005
12.8090,10.6070,0.954791,0.963819,0.969761,0.970443,0.972791,0.968382,0.967629
12.8080,12.9700,0.955195,0.962475,0.969067,0.968605,0.970481,0.967528,0.967555
12.8100,8.25200,0.960395,0.966961,0.973293,0.975797,0.980412,0.971646,0.971564
12.8110,1.24300,0.965856,0.979325,0.975500,1.01581,1.03290,1.02268,0.998144
12.8120,0.715000,0.980174,1.04194,0.986473,1.10210,1.13397,1.13414,1.09882
12.8110,0.678000,1.01358,1.12293,1.00621,1.16854,1.19857,1.18620,1.16586
12.8110,0.670000,1.04032,1.17061,1.01841,1.20604,1.22088,1.18403,1.18628
12.8110,0.668000,1.04421,1.17858,1.02406,1.21330,1.20674,1.16405,1.17366
12.8120,0.669000,1.03590,1.15814,1.01841,1.19793,1.17922,1.14816,1.15161
12.8100,0.669000,1.02023,1.13106,1.00899,1.16410,1.14232,1.12941,1.12659
12.8110,0.667000,0.998979,1.09388,0.994230,1.11645,1.09849,1.09037,1.08902
12.8110,0.668000,0.985920,1.05872,0.984612,1.07061,1.06480,1.04530,1.04967
12.8100,0.670000,0.976232,1.02862,0.977297,1.03745,1.04014,1.01633,1.02205
12.8090,0.674000,0.968848,1.00576,0.971464,1.01530,1.01962,0.998704,1.00631
12.8100,0.668000,0.964479,0.993670,0.969509,1.00212,1.00897,0.988851,0.994432
12.8110,0.671000,0.961274,0.984699,0.966671,0.993062,0.996965,0.981575,0.984780
12.8100,0.666000,0.959517,0.981261,0.964779,0.986441,0.990206,0.977549,0.981884
12.8090,0.667000,0.959825,0.974635,0.965410,0.982798,0.984033,0.974926,0.978989
12.8080,0.665000,0.958234,0.972312,0.964306,0.976779,0.978964,0.972623,0.975796
12.8080,0.666000,0.956833,0.968532,0.962130,0.973611,0.975550,0.970167,0.972233
12.8080,0.666000,0.956762,0.968213,0.963139,0.972946,0.974309,0.970258,0.970970
12.8080,0.667000,0.956192,0.965686,0.961121,0.971013,0.972791,0.968855,0.970005
12.8080,0.668000,0.954293,0.965299,0.958819,0.968859,0.969653,0.967422,0.968298
12.8060,3.60700,0.954744,0.965800,0.959828,0.968004,0.968481,0.968032,0.968817
12.8060,7.60500,0.954008,0.964456,0.959639,0.965501,0.966756,0.967101,0.967778
12.8040,10.6500,0.953272,0.964935,0.956581,0.964614,0.967653,0.966644,0.967258
12.8040,13.0070,0.954673,0.964024,0.958315,0.964867,0.966687,0.967498,0.966219
12.8060,8.80800,0.956976,0.968191,0.961216,0.968289,0.971481,0.969298,0.969189
12.8070,1.21900,0.961938,0.973496,0.962162,0.992555,1.00872,0.987417,0.978915
12.8070,0.723000,0.971816,1.01412,0.971338,1.06063,1.09518,1.08645,1.04373
12.8070,0.687000,0.996462,1.09062,0.988239,1.13198,1.16839,1.16135,1.13060
12.8060,0.681000,1.02279,1.14800,0.998865,1.17820,1.20381,1.18537,1.17084
12.8060,0.685000,1.03253,1.16970,1.00713,1.19708,1.20643,1.17763,1.18175
12.8070,0.686000,1.02662,1.16032,1.00486,1.18906,1.18084,1.16021,1.16883
12.8070,0.681000,1.01016,1.13336,0.994198,1.15450,1.13739,1.13853,1.14017
12.8070,0.682000,0.990502,1.09363,0.982405,1.10562,1.09166,1.10394,1.09778
12.8020,0.679000,0.977681,1.05383,0.972820,1.06108,1.05800,1.05588,1.05360
12.8010,0.679000,0.968587,1.02425,0.964464,1.02839,1.03038,1.01966,1.02190
12.8000,0.676000,0.962864,1.00464,0.962288,1.00957,1.01128,1.00116,1.00431
12.8000,0.680000,0.959089,0.991712,0.959166,0.995850,0.998103,0.989522,0.992947
12.8020,0.682000,0.956074,0.980873,0.956581,0.986029,0.986896,0.981301,0.985077
12.8010,0.679000,0.955646,0.975340,0.956738,0.979978,0.980481,0.975871,0.980325
12.8000,0.674000,0.953723,0.970172,0.955698,0.975543,0.976240,0.972821,0.973717
12.8000,0.675000,0.952132,0.968509,0.953964,0.972787,0.972446,0.970685,0.973198
12.8000,0.678000,0.951942,0.967462,0.954626,0.970253,0.969653,0.970487,0.970673
12.7990,0.677000,0.951871,0.965754,0.953901,0.967338,0.968101,0.968016,0.968966
12.8000,0.678000,0.951372,0.964912,0.952765,0.964677,0.965653,0.966812,0.967258
12.7990,0.678000,0.951064,0.963204,0.951504,0.964582,0.964722,0.966262,0.966293
12.7990,3.58000,0.949853,0.963386,0.949644,0.962998,0.963756,0.965973,0.965328
12.7960,7.56200,0.949117,0.962589,0.947909,0.960939,0.962584,0.964630,0.964288
12.7960,10.6450,0.949663,0.960882,0.948067,0.959672,0.961894,0.964356,0.963397
12.7960,13.0390,0.949948,0.960768,0.949171,0.959925,0.961342,0.965134,0.964808
12.7980,10.2770,0.952061,0.963432,0.951157,0.962650,0.966136,0.966766,0.964957
12.7980,1.22600,0.958021,0.967986,0.956139,0.980105,0.994862,0.977244,0.971639
12.7980,0.723000,0.965690,0.999613,0.961657,1.03532,1.06745,1.06089,1.02198
12.7980,0.686000,0.988437,1.07020,0.980198,1.10521,1.14166,1.13792,1.10632
12.7980,0.677000,1.01353,1.12819,0.992464,1.15054,1.17932,1.16980,1.14953
12.7980,0.676000,1.02346,1.14964,0.999149,1.17288,1.18584,1.17064,1.16245
12.7980,0.665000,1.01831,1.14472,0.995838,1.16635,1.16622,1.15676,1.15346
12.7970,0.669000,1.00240,1.11811,0.985338,1.13511,1.12587,1.13638,1.12867
12.7980,0.669000,0.985445,1.07974,0.974049,1.08715,1.08001,1.09915,1.08672
12.8040,0.673000,0.971911,1.04151,0.966103,1.04483,1.04359,1.05058,1.04343
12.8030,0.674000,0.963173,1.01159,0.959009,1.01593,1.01924,1.01563,1.01678
12.8040,0.675000,0.956359,0.994421,0.955351,0.999430,1.00148,0.995729,0.997847
12.8050,0.674000,0.952631,0.981761,0.952135,0.987392,0.989999,0.984580,0.988566
12.8030,0.674000,0.949235,0.973154,0.947594,0.977793,0.979240,0.976893,0.979954
12.8050,0.672000,0.949212,0.969170,0.948319,0.975005,0.974412,0.973507,0.975648
12.8050,0.674000,0.948523,0.964456,0.946459,0.969397,0.968998,0.970670,0.973792
12.8060,0.671000,0.945888,0.962293,0.942423,0.965216,0.966101,0.966781,0.968817
12.8040,0.672000,0.946552,0.960995,0.942486,0.962460,0.962653,0.965393,0.967704
12.8030,0.671000,0.946695,0.959538,0.944031,0.961541,0.961377,0.964905,0.965699
12.8030,0.671000,0.945318,0.959447,0.942139,0.957898,0.959963,0.963456,0.963323
12.8030,0.673000,0.944890,0.957830,0.942234,0.957676,0.959377,0.962343,0.961319
3.20900,3.72800,0.945199,0.958286,0.942581,0.957454,0.958963,0.962846,0.963991
3.20900,7.65500,0.945056,0.958832,0.940657,0.954983,0.956687,0.961855,0.962210
3.20800,10.6840,0.943798,0.959128,0.942076,0.953969,0.957342,0.961138,0.962655
3.20900,13.1020,0.944629,0.958445,0.943558,0.954476,0.957376,0.961062,0.960576
3.20900,12.6630,0.948689,0.959698,0.945261,0.955997,0.960308,0.962190,0.961244
3.21000,1.34300,0.951871,0.963364,0.950022,0.966926,0.977619,0.966933,0.964585
3.21100,0.728000,0.954435,0.967439,0.952103,0.985301,1.00045,0.980325,0.972678
3.21100,0.680000,0.953984,0.972676,0.951851,0.990623,1.00597,0.988408,0.976687
3.21100,0.670000,0.955456,0.969010,0.952135,0.983938,0.997862,0.984138,0.973643
3.21200,0.667000,0.951705,0.962407,0.951063,0.976462,0.988137,0.976893,0.968149
3.21100,0.669000,0.948879,0.958491,0.947846,0.970918,0.979240,0.967910,0.963323
3.21200,0.670000,0.946529,0.956146,0.948319,0.967117,0.972826,0.963212,0.963991
3.21100,0.671000,0.944392,0.955075,0.947184,0.964012,0.967618,0.958682,0.962061
3.21200,0.670000,0.941376,0.951888,0.945418,0.959450,0.962239,0.957035,0.960353
3.21200,0.673000,0.942635,0.950795,0.945734,0.957454,0.960790,0.958087,0.960205
3.21200,0.669000,0.941210,0.950772,0.945009,0.953906,0.957273,0.957798,0.957829
3.21300,0.670000,0.939572,0.950658,0.943180,0.950485,0.954514,0.957782,0.956344
3.21100,0.669000,0.939310,0.948859,0.943905,0.949661,0.954031,0.957157,0.956270
3.21200,0.669000,0.938622,0.948837,0.943180,0.947855,0.951342,0.956105,0.954785
3.21100,0.670000,0.936936,0.947698,0.940279,0.947602,0.950652,0.953969,0.954562
3.21300,0.670000,0.937363,0.946263,0.939490,0.946525,0.951100,0.953420,0.953449
3.21200,0.672000,0.936509,0.945717,0.938513,0.945511,0.950410,0.953603,0.953671
3.21200,0.673000,0.935939,0.945034,0.937189,0.944434,0.949134,0.952627,0.952038
3.21200,0.672000,0.937126,0.945125,0.936684,0.944402,0.948824,0.950965,0.953746
3.21200,0.674000,0.935559,0.946400,0.937283,0.944497,0.949341,0.950904,0.955973
3.21200,3.84900,0.935701,0.945171,0.934824,0.943135,0.948790,0.949058,0.952929
3.21000,7.76800,0.935939,0.944624,0.936779,0.943642,0.948514,0.949836,0.953671
3.21000,10.7730,0.936604,0.945740,0.936306,0.943357,0.949272,0.950644,0.951593
3.20900,13.1810,0.936794,0.945535,0.937788,0.943515,0.947134,0.952048,0.949217
3.21000,11.5380,0.937387,0.945398,0.938765,0.944466,0.949031,0.952688,0.953523
3.21100,1.38800,0.937720,0.945968,0.936842,0.944307,0.947583,0.950400,0.951741
3.21100,0.776000,0.936912,0.943212,0.935360,0.943262,0.947169,0.948113,0.951073
3.21200,0.721000,0.937458,0.945239,0.935927,0.944339,0.948445,0.949211,0.953003
3.21200,0.721000,0.937031,0.944966,0.935517,0.943167,0.948928,0.948280,0.952483
3.21300,0.721000,0.934870,0.943486,0.936589,0.943167,0.947238,0.948113,0.948994
3.21200,0.716000,0.935322,0.943144,0.936400,0.943135,0.947307,0.947899,0.947658
3.21200,0.717000,0.934277,0.943736,0.935675,0.942185,0.946410,0.949058,0.948771
3.21200,0.716000,0.934395,0.942848,0.937882,0.940917,0.946652,0.949455,0.949142
3.21300,0.717000,0.934657,0.941573,0.935171,0.939619,0.944996,0.950339,0.950108
3.21200,0.717000,0.934229,0.942119,0.933941,0.939872,0.944410,0.951041,0.949514
3.21400,0.717000,0.933541,0.941345,0.934508,0.939587,0.945376,0.949028,0.951444
3.21200,0.718000,0.933992,0.941960,0.933909,0.938035,0.943444,0.948845,0.948400
3.21300,0.717000,0.933754,0.940730,0.931576,0.939809,0.943065,0.947045,0.949142
3.21200,0.723000,0.933256,0.940116,0.931324,0.938542,0.941824,0.946130,0.948252
3.21400,0.717000,0.931617,0.938658,0.930189,0.937053,0.941582,0.944025,0.946395
3.21200,0.717000,0.932235,0.938089,0.931261,0.936514,0.942341,0.943293,0.944094
3.21300,0.709000,0.931332,0.938066,0.930252,0.938161,0.941444,0.942027,0.942163
3.21300,0.710000,0.930501,0.937793,0.930693,0.938098,0.942237,0.941081,0.944985
3.21300,0.710000,0.931974,0.938112,0.931544,0.937876,0.942375,0.942271,0.943574
3.21300,0.715000,0.930573,0.938112,0.930441,0.938637,0.941617,0.940990,0.945727
