Det0.000000,Det0.000000,Det0.000000,Det0.000000,Det0.000000,Det0.000000,Det0.000000,Det0.000000,Det0.000000,Det0.000000,Det0.000000,Det0.000000,Det0.000000,Det0.000000,Det0.000000,Det0.000000,Det0.000000,Det0.000000,Det0.000000,Det0.000000,Det0.000000,Det0.000000
1.00221,1.00230,0.999733,1.00276,1.00224,1.00340,1.00138,1.00184,1.00476,1.00247,1.00352,1.00265,1.00352,1.00344,1.00508,1.00580,1.00263,1.00578,1.00158,1.00318,1.00382,1.00262
1.00323,1.00213,0.998053,1.00162,1.00133,1.00267,1.00080,1.00078,1.00381,1.00341,1.00377,1.00108,1.00363,1.00251,1.00377,1.00495,1.00282,1.00437,1.00261,1.00274,1.00346,1.00216
1.00099,1.00038,0.997442,1.00054,0.999790,1.00109,1.00077,1.00023,0.999012,1.00016,1.00186,1.00052,0.999896,1.00231,1.00169,1.00297,1.00092,1.00251,1.00086,0.997359,1.00147,1.00183
1.00159,1.00130,0.998549,0.999940,1.00461,1.00237,1.00034,1.00078,1.00070,1.00167,1.00298,1.00096,1.00228,1.00466,1.00227,1.00548,1.00268,1.00510,0.999054,1.00068,1.00274,1.00116
1.00139,1.00303,1.00172,1.00515,1.00392,1.00316,1.00196,1.00372,1.00285,1.00259,1.00307,1.00167,1.00150,1.00453,1.00406,1.00465,1.00503,1.00821,1.00234,1.00406,1.00199,1.00143
1.00065,1.00243,1.00225,1.00335,1.00217,1.00285,1.00285,1.00310,1.00201,1.00129,1.00269,1.00099,1.00010,1.00446,1.00266,1.00206,1.00323,1.00469,1.00131,1.00284,1.00223,1.00166
1.00045,1.00141,1.00248,1.00090,1.00196,1.00146,1.00196,1.00120,1.00073,1.00052,0.999917,1.00019,1.00192,1.00046,1.00111,1.00050,1.00051,1.00012,0.999910,1.00098,1.00064,1.00003
0.999858,1.00200,1.00374,1.00015,1.00091,1.00103,1.00297,1.00158,1.00249,1.00021,1.00000,1.00073,1.00207,1.00020,1.00145,0.999853,1.00060,1.00121,1.00113,1.00383,1.00107,1.00056
1.00128,1.00089,1.00225,1.00048,1.00021,1.00231,1.00150,1.00058,1.00102,1.00033,1.00091,1.00075,1.00155,1.00069,0.998936,1.00059,1.00148,1.00178,1.00158,1.00007,1.00052,1.00013
1.00119,0.999869,0.998435,0.999551,0.999231,0.999757,0.999694,0.999224,1.00029,1.00139,1.00149,1.00110,1.00031,0.999604,1.00029,1.00027,0.998107,0.998665,1.00050,0.999898,1.00103,1.00086
1.00082,0.996933,0.995800,0.998682,0.998532,0.997572,0.995988,0.997802,0.997658,0.998893,0.997805,0.998920,0.998808,0.998282,0.998839,0.999853,0.998938,0.998059,0.998334,0.996005,0.998926,1.00086
1.00062,0.996080,0.993128,0.997065,0.999301,0.996297,0.994335,0.996445,0.997585,0.997858,0.998716,0.997440,0.998808,0.997489,0.997292,1.00038,0.998153,0.999434,0.997974,0.997292,0.999403,0.997710
1.00170,0.996342,0.993090,0.997604,0.999301,0.997511,0.993722,0.996090,0.997658,0.997010,0.997432,0.995773,0.998756,0.999339,0.996324,0.998822,0.997830,0.998625,0.996893,0.998172,0.998687,0.998838
1.00000,0.993324,0.992059,0.997544,0.997623,0.996176,0.991854,0.994797,0.995390,0.996068,0.996604,0.993941,0.996477,0.996796,0.995502,0.997321,0.999123,0.998018,0.996443,0.996276,0.997176,0.997411
0.999716,0.992225,0.989042,0.994968,0.995875,0.995144,0.991242,0.992987,0.994365,0.994820,0.995071,0.993307,0.993731,0.996036,0.991391,0.995848,0.997276,0.996198,0.995767,0.993296,0.995585,0.995851
0.999404,0.992471,0.988546,0.994758,0.994756,0.993383,0.992712,0.993278,0.994768,0.995221,0.995692,0.992063,0.995233,0.996102,0.994341,0.996349,0.997092,0.998584,0.995272,0.992314,0.994670,0.996050
0.999347,0.990913,0.989310,0.993201,0.994966,0.994051,0.990078,0.993440,0.995610,0.994232,0.994905,0.991335,0.994145,0.994880,0.992890,0.996673,0.996445,0.997169,0.993921,0.993195,0.994670,0.995718
0.997616,0.989994,0.986904,0.991374,0.991470,0.993383,0.988363,0.992179,0.992573,0.992254,0.994781,0.989973,0.993368,0.992997,0.990472,0.991903,0.992521,0.995187,0.991535,0.990215,0.992959,0.993195
0.996822,0.989109,0.986790,0.991763,0.992588,0.991805,0.989037,0.989885,0.990707,0.990653,0.993621,0.989339,0.992383,0.991841,0.990472,0.991020,0.992844,0.994904,0.990949,0.989944,0.991806,0.992731
0.996879,0.989355,0.987973,0.992692,0.993358,0.991744,0.988149,0.991307,0.991585,0.990441,0.993373,0.988634,0.994456,0.992997,0.989553,0.993434,0.994322,0.994823,0.990814,0.992992,0.994232,0.995453
0.996879,0.989879,0.987477,0.992332,0.992169,0.991683,0.989282,0.991210,0.991146,0.991925,0.992959,0.988846,0.994145,0.992766,0.989988,0.993228,0.994691,0.995470,0.991760,0.992281,0.993238,0.993826
0.995800,0.988994,0.985454,0.991194,0.991190,0.989559,0.987475,0.989788,0.990414,0.990112,0.992213,0.987765,0.991399,0.990585,0.989698,0.992698,0.992475,0.994095,0.990409,0.992281,0.993397,0.993561
0.994353,0.988764,0.985606,0.990266,0.991400,0.989134,0.987291,0.989950,0.990414,0.989735,0.992296,0.988188,0.993264,0.991213,0.989360,0.991461,0.991275,0.994216,0.989193,0.990418,0.991925,0.990175
0.994977,0.988649,0.984652,0.989936,0.992728,0.992533,0.987812,0.989853,0.989207,0.990512,0.992793,0.987437,0.992332,0.991213,0.990182,0.990666,0.991459,0.993933,0.989103,0.989301,0.991925,0.990308
0.994495,0.987878,0.984957,0.990625,0.990141,0.990651,0.986465,0.989142,0.988109,0.989288,0.991095,0.985722,0.991244,0.989330,0.987232,0.990431,0.990074,0.993286,0.988698,0.988556,0.991170,0.988980
0.993474,0.987878,0.983048,0.988978,0.991330,0.989012,0.986648,0.988075,0.989280,0.989688,0.990598,0.987413,0.992124,0.989528,0.987183,0.990313,0.990398,0.992558,0.988157,0.988082,0.990851,0.989943
0.992821,0.987599,0.985606,0.990745,0.990071,0.991076,0.987200,0.988301,0.988768,0.988864,0.990142,0.987131,0.990933,0.991841,0.988876,0.990902,0.991552,0.994742,0.988157,0.989471,0.990533,0.989976
0.993644,0.988174,0.984728,0.989936,0.991050,0.992230,0.987996,0.989045,0.988475,0.990629,0.990308,0.988141,0.990052,0.991510,0.988247,0.990549,0.990767,0.994014,0.989148,0.988556,0.990812,0.990938
0.992452,0.987140,0.985224,0.989187,0.990351,0.988952,0.988180,0.988657,0.985877,0.989146,0.989645,0.986803,0.989378,0.991114,0.988151,0.989754,0.988736,0.993043,0.986221,0.986694,0.989300,0.990208
0.991487,0.987058,0.985606,0.989607,0.989302,0.990469,0.987506,0.987558,0.985694,0.987663,0.989728,0.985793,0.989223,0.989826,0.988102,0.988576,0.988551,0.993933,0.986311,0.985645,0.989857,0.989710
0.990380,0.989092,0.988050,0.989996,0.989162,0.989073,0.989802,0.988301,0.988365,0.986627,0.989355,0.986474,0.989067,0.990420,0.987135,0.989871,0.988412,0.992882,0.985861,0.989809,0.987709,0.988681
0.990551,0.987583,0.989997,0.988469,0.987904,0.988345,0.989190,0.988366,0.988987,0.986674,0.989355,0.987249,0.989119,0.988603,0.985394,0.988900,0.988597,0.989767,0.988067,0.989877,0.987709,0.989179
0.990125,0.988174,0.991791,0.988558,0.987135,0.989255,0.988363,0.989336,0.989902,0.986368,0.987781,0.986709,0.990155,0.989760,0.985926,0.987045,0.988551,0.991062,0.989013,0.990148,0.987749,0.990440
0.990380,0.988469,0.991104,0.988528,0.988743,0.990712,0.988057,0.988722,0.988695,0.986533,0.987905,0.986450,0.990518,0.989165,0.984958,0.986691,0.989105,0.990334,0.987122,0.988353,0.987589,0.987752
0.991374,0.988666,0.988737,0.989068,0.989302,0.989984,0.987353,0.988011,0.988365,0.987946,0.989397,0.986920,0.992124,0.989297,0.985732,0.987692,0.990721,0.990536,0.987482,0.987168,0.990454,0.990374
0.990920,0.985205,0.985759,0.987031,0.988673,0.986584,0.983984,0.985167,0.983682,0.984979,0.986497,0.984595,0.989171,0.986621,0.984378,0.986103,0.987304,0.986613,0.985591,0.984900,0.985959,0.986524
0.991374,0.984368,0.983392,0.985863,0.985457,0.985977,0.982361,0.984456,0.984743,0.984155,0.986746,0.983609,0.987824,0.986192,0.982685,0.984778,0.987166,0.987947,0.985366,0.985543,0.985998,0.987154
0.992509,0.984106,0.982437,0.986042,0.987764,0.986645,0.982300,0.984359,0.984853,0.984673,0.985959,0.982364,0.989119,0.987844,0.984185,0.986456,0.988643,0.989525,0.985591,0.989132,0.987033,0.988814
0.992452,0.983958,0.982208,0.987839,0.988114,0.986463,0.981259,0.984391,0.985987,0.985191,0.986994,0.983186,0.988083,0.987976,0.983266,0.985543,0.988643,0.988069,0.985546,0.987676,0.986078,0.987088
0.991714,0.981891,0.978543,0.983227,0.982800,0.984277,0.979084,0.981353,0.981743,0.983072,0.984550,0.980227,0.984767,0.984342,0.980509,0.983335,0.984304,0.986087,0.982709,0.982767,0.982777,0.986026
0.989955,0.981055,0.978849,0.982358,0.983429,0.984763,0.979268,0.980933,0.981341,0.980882,0.985213,0.980086,0.983316,0.983913,0.980654,0.982393,0.984027,0.986168,0.980232,0.981311,0.983373,0.984831
0.990749,0.982613,0.980185,0.986432,0.986575,0.986402,0.980524,0.981709,0.984304,0.982531,0.985379,0.980814,0.986580,0.986258,0.981476,0.984807,0.988320,0.988999,0.981853,0.987642,0.985402,0.986955
0.990182,0.982170,0.980452,0.985683,0.985247,0.984884,0.980646,0.982226,0.983902,0.983072,0.985130,0.981120,0.987824,0.985630,0.981573,0.984542,0.986381,0.987826,0.982079,0.986897,0.984606,0.986092
0.988394,0.979316,0.977703,0.981250,0.982870,0.983731,0.979023,0.979317,0.979804,0.980835,0.982852,0.977621,0.983057,0.982393,0.978091,0.980979,0.980749,0.984388,0.980322,0.980769,0.981703,0.984200
0.987401,0.978725,0.977665,0.980621,0.979653,0.982335,0.979023,0.979964,0.978121,0.980105,0.981568,0.977339,0.984041,0.981666,0.977607,0.981303,0.982318,0.983701,0.979512,0.979483,0.982180,0.983636
0.988706,0.980382,0.979116,0.984695,0.983709,0.983852,0.979881,0.981773,0.983207,0.981730,0.984468,0.979358,0.984611,0.985994,0.980267,0.983482,0.986058,0.988878,0.980728,0.986051,0.983294,0.985329
0.988423,0.979956,0.978314,0.981789,0.982310,0.983792,0.979789,0.980287,0.981889,0.981212,0.984219,0.978302,0.984145,0.982657,0.978477,0.981656,0.982503,0.985844,0.980998,0.982970,0.982140,0.984001
0.986408,0.976478,0.975336,0.978734,0.978884,0.980514,0.977247,0.978865,0.978121,0.978552,0.981485,0.976212,0.982073,0.979387,0.975769,0.979065,0.977471,0.982447,0.976855,0.974100,0.980748,0.982209
0.986096,0.976823,0.974382,0.979723,0.979723,0.980696,0.977706,0.977734,0.977352,0.977987,0.980781,0.976188,0.982902,0.980444,0.975817,0.978624,0.980103,0.982164,0.976990,0.976131,0.979555,0.982275
0.987202,0.979431,0.977970,0.984395,0.981681,0.982578,0.979207,0.980093,0.982109,0.981141,0.982024,0.977879,0.984404,0.983120,0.977994,0.980920,0.982965,0.987705,0.979107,0.983004,0.981623,0.982640
0.986521,0.977987,0.976634,0.981819,0.981471,0.982396,0.977155,0.979931,0.979548,0.980364,0.982314,0.977433,0.982591,0.980973,0.977510,0.978359,0.979733,0.985682,0.978296,0.976943,0.981066,0.982076
0.985698,0.975429,0.972969,0.978944,0.977835,0.979967,0.976941,0.977766,0.975633,0.976786,0.979000,0.974028,0.979896,0.977174,0.973979,0.977211,0.975994,0.980627,0.976450,0.972745,0.978361,0.980184
0.984677,0.976774,0.975031,0.981040,0.981331,0.982820,0.978380,0.978607,0.978121,0.977374,0.979580,0.976118,0.980829,0.979651,0.975866,0.979536,0.980749,0.984712,0.977215,0.976097,0.980748,0.982076
0.986266,0.979611,0.977970,0.983257,0.984058,0.984581,0.981504,0.980804,0.981633,0.981118,0.981320,0.977715,0.983523,0.982822,0.979687,0.981480,0.984996,0.989727,0.979332,0.983715,0.982379,0.983669
0.983854,0.978545,0.977856,0.981430,0.982170,0.983367,0.979819,0.979027,0.979145,0.978575,0.982355,0.976306,0.979845,0.981468,0.976930,0.980302,0.981718,0.985116,0.977711,0.980397,0.979037,0.981943
0.981612,0.976741,0.977169,0.978465,0.978744,0.981181,0.980371,0.977023,0.975157,0.975868,0.976722,0.974521,0.979223,0.977273,0.974850,0.975856,0.977240,0.978402,0.976450,0.975183,0.977526,0.979354
0.982095,0.978922,0.979803,0.981100,0.979024,0.980210,0.980769,0.977992,0.979877,0.977257,0.979497,0.976587,0.981554,0.980048,0.976011,0.977770,0.980518,0.980506,0.977350,0.981988,0.978640,0.980151
0.981499,0.982104,0.984614,0.983646,0.981052,0.983427,0.982820,0.980772,0.983792,0.978410,0.980781,0.978842,0.983834,0.980477,0.977704,0.978712,0.983334,0.983377,0.979287,0.987101,0.980668,0.981744
0.982719,0.979300,0.981254,0.980112,0.980213,0.982760,0.980554,0.979156,0.979072,0.977845,0.978586,0.977644,0.982798,0.978792,0.976881,0.976592,0.979087,0.979697,0.978566,0.976977,0.979952,0.979653
0.983088,0.976659,0.978734,0.978375,0.977416,0.980999,0.977676,0.976764,0.977060,0.976880,0.977592,0.976259,0.981088,0.977504,0.973931,0.975856,0.977702,0.976704,0.976855,0.973050,0.978123,0.978989
0.984280,0.977446,0.978123,0.980262,0.980422,0.980878,0.976267,0.976635,0.977645,0.975938,0.978669,0.976493,0.980570,0.979651,0.974415,0.977269,0.978533,0.980263,0.975639,0.978941,0.977884,0.980748
0.985017,0.976429,0.977818,0.980651,0.980003,0.979724,0.975195,0.977346,0.978231,0.976645,0.977675,0.974756,0.982435,0.978858,0.975237,0.977711,0.980149,0.982164,0.976180,0.980735,0.978520,0.981810
0.983712,0.974182,0.975412,0.976847,0.975038,0.977053,0.973970,0.974405,0.973694,0.974596,0.976308,0.973159,0.978756,0.975918,0.971948,0.974001,0.974609,0.976340,0.973613,0.973084,0.976293,0.978657
0.983173,0.972788,0.973732,0.975619,0.973920,0.975657,0.973205,0.974114,0.973328,0.972595,0.975521,0.971867,0.978653,0.975357,0.972093,0.972853,0.974747,0.976178,0.973343,0.971966,0.974821,0.977694
0.983230,0.973985,0.972931,0.976158,0.975947,0.978207,0.972715,0.974535,0.974974,0.974055,0.976349,0.972102,0.978497,0.977174,0.972045,0.974943,0.977517,0.980061,0.975774,0.975488,0.975577,0.976732
0.982605,0.973460,0.973045,0.977476,0.975528,0.976628,0.972745,0.974826,0.974938,0.974220,0.976059,0.972149,0.977306,0.978000,0.972335,0.974384,0.976317,0.979535,0.975594,0.975488,0.975418,0.978060
0.980534,0.971426,0.969609,0.972894,0.973920,0.974382,0.971398,0.971368,0.970877,0.971700,0.975521,0.969589,0.975803,0.973177,0.968949,0.970262,0.971977,0.974156,0.972307,0.969563,0.973866,0.975570
0.980846,0.971443,0.969953,0.974571,0.973221,0.975414,0.971704,0.971917,0.971425,0.972878,0.975479,0.971280,0.976425,0.974531,0.969578,0.972647,0.974239,0.977755,0.972803,0.973084,0.973349,0.975304
0.981130,0.972804,0.971785,0.977356,0.976647,0.976811,0.971061,0.973048,0.974791,0.973513,0.977219,0.971116,0.976218,0.976117,0.971174,0.973442,0.976825,0.978766,0.972758,0.976029,0.974304,0.978790
0.982151,0.971886,0.969953,0.976757,0.976367,0.976143,0.971459,0.973565,0.973913,0.972713,0.975314,0.970153,0.976269,0.974531,0.970497,0.973854,0.976686,0.979495,0.973388,0.974100,0.973946,0.976533
0.980761,0.969606,0.969495,0.973403,0.973011,0.974989,0.969806,0.971206,0.969596,0.970900,0.974651,0.968838,0.976321,0.972318,0.968176,0.972293,0.972578,0.976825,0.970236,0.970274,0.972991,0.975205
0.980562,0.970606,0.970640,0.974032,0.975178,0.974868,0.969071,0.971303,0.972011,0.970853,0.973781,0.969308,0.976166,0.973837,0.969772,0.972028,0.974101,0.978362,0.970776,0.973761,0.973389,0.975736
0.980562,0.970869,0.971327,0.976368,0.975738,0.976021,0.971061,0.971077,0.974791,0.969864,0.974278,0.968979,0.979534,0.973837,0.969095,0.973236,0.975024,0.980101,0.970191,0.974709,0.974026,0.974873
0.979825,0.969524,0.970869,0.973822,0.973221,0.975839,0.969775,0.970430,0.971133,0.970382,0.972497,0.967993,0.976321,0.971261,0.967499,0.970792,0.972162,0.976218,0.970461,0.969258,0.972355,0.975072
0.978548,0.969015,0.968693,0.971456,0.972102,0.973593,0.969009,0.970786,0.970145,0.970170,0.971710,0.966631,0.976891,0.970435,0.966048,0.970085,0.969069,0.975046,0.969110,0.968581,0.971241,0.973579
0.978150,0.970278,0.969609,0.972384,0.973850,0.974382,0.970510,0.970107,0.970803,0.969299,0.972580,0.967500,0.975026,0.971161,0.966967,0.971263,0.972208,0.977472,0.969966,0.970172,0.972395,0.974541
0.978775,0.970540,0.969418,0.974062,0.973920,0.974322,0.970816,0.969946,0.971425,0.969723,0.974237,0.967640,0.975855,0.972417,0.966676,0.969496,0.972208,0.976987,0.968795,0.969122,0.971957,0.974641
0.977441,0.970098,0.967509,0.972414,0.972451,0.971893,0.969407,0.969558,0.969633,0.969464,0.972539,0.967265,0.974404,0.971690,0.967692,0.969320,0.970315,0.976138,0.968345,0.968005,0.971957,0.974309
0.977469,0.970344,0.969533,0.973133,0.973640,0.974443,0.971092,0.970947,0.970035,0.970146,0.973036,0.968368,0.974508,0.971723,0.967934,0.969643,0.971839,0.978807,0.970641,0.971018,0.971321,0.974209
0.976022,0.971541,0.970449,0.974870,0.974199,0.975354,0.972133,0.970883,0.972047,0.970217,0.973491,0.968110,0.974767,0.973408,0.968127,0.970792,0.973824,0.978160,0.969966,0.971966,0.970803,0.973944
0.973866,0.969753,0.972205,0.972324,0.972941,0.973593,0.972286,0.969946,0.971499,0.968404,0.970923,0.967711,0.971917,0.971723,0.966144,0.966199,0.970408,0.974075,0.968029,0.967836,0.969690,0.971122
0.973440,0.971065,0.973122,0.971036,0.970494,0.970801,0.971919,0.968847,0.970291,0.967133,0.970840,0.968016,0.972383,0.968948,0.964597,0.967288,0.970500,0.972538,0.969561,0.970714,0.969252,0.970857
0.974376,0.972263,0.976290,0.973552,0.972591,0.973897,0.972439,0.971885,0.973547,0.968310,0.971545,0.969002,0.975233,0.969906,0.966193,0.967847,0.971516,0.972983,0.970101,0.972440,0.972315,0.973413
0.976987,0.971639,0.975832,0.974421,0.972172,0.974807,0.970663,0.971238,0.971242,0.968498,0.971876,0.969026,0.974767,0.971029,0.965999,0.967641,0.971054,0.972821,0.970236,0.969732,0.971878,0.974143
0.975171,0.968966,0.970754,0.970887,0.970494,0.972561,0.967907,0.968427,0.967693,0.967510,0.970178,0.968228,0.973627,0.969345,0.966241,0.966758,0.969023,0.970839,0.968930,0.965838,0.970485,0.971653
0.975057,0.968424,0.969495,0.972983,0.972661,0.971165,0.966896,0.968621,0.968791,0.968428,0.969474,0.967852,0.972850,0.969411,0.965467,0.967200,0.970085,0.971891,0.968615,0.968750,0.970446,0.970558
0.977498,0.969704,0.970640,0.973612,0.972731,0.972986,0.966253,0.969041,0.970730,0.968545,0.969639,0.968415,0.974041,0.972186,0.967063,0.969526,0.973455,0.975126,0.968255,0.974370,0.970366,0.973645
0.975937,0.967604,0.968005,0.970138,0.970494,0.971651,0.966314,0.967554,0.966962,0.967015,0.969184,0.966983,0.972643,0.970534,0.965564,0.966405,0.969069,0.970637,0.967624,0.968479,0.969372,0.971355
0.973866,0.965652,0.966707,0.968940,0.967977,0.970558,0.965212,0.966552,0.966449,0.965132,0.968438,0.964611,0.970777,0.968684,0.962759,0.965404,0.969253,0.968574,0.966183,0.965838,0.967820,0.969297
0.974603,0.965899,0.966555,0.970438,0.969305,0.970801,0.964814,0.966843,0.967437,0.965296,0.967568,0.965316,0.972643,0.969312,0.964693,0.966758,0.968376,0.972659,0.965373,0.968412,0.968417,0.969861
0.975256,0.967112,0.966746,0.971456,0.969864,0.971347,0.966866,0.967522,0.969194,0.965579,0.969515,0.965457,0.972798,0.969444,0.964210,0.967288,0.970269,0.973832,0.965733,0.971662,0.967383,0.971089
0.973809,0.963290,0.964417,0.966993,0.965110,0.967826,0.963344,0.964937,0.963632,0.964213,0.967982,0.963273,0.969171,0.965612,0.959905,0.963784,0.964868,0.968129,0.965418,0.962419,0.965632,0.968633
0.973468,0.963602,0.963500,0.967173,0.966998,0.968676,0.963436,0.965389,0.964108,0.963036,0.967113,0.963014,0.970725,0.965909,0.959712,0.964402,0.965237,0.968615,0.963256,0.963028,0.965951,0.970392
0.974547,0.964767,0.964569,0.968011,0.967837,0.970194,0.964232,0.965066,0.967547,0.964849,0.968065,0.963038,0.973005,0.969047,0.961695,0.965786,0.968930,0.972012,0.964247,0.966075,0.967423,0.970193
0.975313,0.965095,0.965257,0.968161,0.968466,0.969708,0.965120,0.966003,0.967986,0.965179,0.967900,0.963108,0.970725,0.968981,0.962855,0.965610,0.968561,0.973670,0.966048,0.967396,0.967383,0.969330
0.972504,0.961913,0.961477,0.965675,0.964271,0.967219,0.962517,0.964096,0.962279,0.961506,0.965332,0.960384,0.967461,0.965480,0.957293,0.962400,0.963667,0.966754,0.962581,0.958999,0.963723,0.968467
0.971908,0.962421,0.962508,0.966634,0.963851,0.968251,0.962119,0.963644,0.962937,0.962801,0.966491,0.960807,0.969171,0.966999,0.960002,0.962871,0.964822,0.969626,0.962671,0.962893,0.964956,0.968898
0.972759,0.963963,0.963691,0.968880,0.966019,0.967948,0.963130,0.965228,0.966449,0.963366,0.967113,0.960689,0.970570,0.968387,0.961018,0.964491,0.967499,0.972983,0.963797,0.967734,0.964280,0.967969
0.973043,0.963143,0.963500,0.967053,0.966368,0.968190,0.961690,0.964872,0.964218,0.963272,0.965829,0.961089,0.968860,0.965546,0.959954,0.963225,0.964637,0.971325,0.962896,0.964010,0.965036,0.967239
0.971113,0.961027,0.959835,0.963968,0.963012,0.965337,0.960404,0.961867,0.960522,0.960800,0.963468,0.960384,0.965389,0.962738,0.957197,0.959191,0.960759,0.965015,0.959429,0.957171,0.962729,0.964517
0.971227,0.961240,0.960751,0.965436,0.965180,0.967583,0.961292,0.963030,0.962644,0.961506,0.963716,0.960830,0.968705,0.964257,0.958648,0.962076,0.962836,0.969505,0.959519,0.963435,0.963723,0.966442
0.971255,0.963996,0.964646,0.969539,0.966788,0.968555,0.963773,0.964775,0.966852,0.963225,0.965124,0.961183,0.968756,0.967891,0.960679,0.963519,0.967822,0.974884,0.963031,0.968107,0.965513,0.968931
0.970659,0.961634,0.962737,0.964867,0.966229,0.968858,0.961905,0.961931,0.961181,0.960776,0.964876,0.960807,0.966995,0.964654,0.957971,0.960869,0.962975,0.968777,0.961365,0.960015,0.963962,0.966210
0.969836,0.963996,0.965333,0.966214,0.968816,0.980028,0.961476,0.964258,0.960888,0.960917,0.965249,0.961958,0.969016,0.964720,0.961791,0.961370,0.963483,0.966714,0.960780,0.959609,0.964877,0.966409
0.978491,1.00326,1.00294,0.980681,0.985317,1.03782,0.966070,0.983745,0.974352,0.967368,0.970840,0.968721,1.00005,0.969378,0.992552,0.970203,0.969854,0.974641,0.964472,0.966786,0.988146,0.971388
1.00494,1.03996,1.09312,1.00305,1.00489,1.05901,0.987108,1.02886,1.01800,0.989688,1.00050,0.971820,1.04466,0.971228,1.01374,0.995907,0.976271,0.982649,0.969786,0.967260,1.00278,0.983337
1.02233,1.00559,1.12256,1.04073,1.05006,1.09500,1.00649,1.05109,1.01643,1.00932,1.02812,0.972642,1.03528,0.973705,0.995937,1.00012,0.988874,0.993852,0.984780,0.963875,0.991010,1.00086
1.02347,1.00077,1.09686,1.06416,1.07586,1.07588,1.00585,1.04909,1.00084,0.996304,1.02812,0.982364,1.02518,0.992633,0.993326,0.989695,1.00171,0.999515,0.997253,0.974303,0.989738,1.01650
1.02335,1.00497,1.07968,1.06736,1.07796,1.04535,1.00003,1.04398,1.00201,0.986745,1.01885,1.00099,1.02492,1.01876,0.996373,0.990372,1.00817,0.996360,1.00252,0.989267,0.990095,1.02566
1.02369,1.00438,1.07468,1.05035,1.06258,1.04225,0.995223,1.04030,1.00172,0.989664,1.01723,1.01148,1.02378,1.02279,0.995599,0.992492,1.00517,0.981436,1.00378,0.992281,0.990931,1.02689
1.02103,1.00116,1.06804,1.03187,1.04454,1.04225,0.990844,1.03610,0.994000,0.990065,1.01276,1.01045,1.01907,1.01034,0.992600,0.989489,0.996584,0.964894,0.999370,0.985577,0.987510,1.02167
1.01694,1.00180,1.06250,1.02836,1.03937,1.03691,0.988853,1.03594,0.995829,0.988817,1.01089,1.00599,1.01819,1.00132,0.992842,0.989135,0.992983,0.962346,0.992480,0.986999,0.986317,1.01563
1.00766,1.00323,1.05360,1.02312,1.02790,1.02556,0.985240,1.03322,0.999597,0.987757,1.00559,0.998168,1.01642,0.997159,0.992455,0.989842,0.988643,0.965339,0.986626,0.989098,0.986158,1.00491
0.994268,1.00038,1.02890,1.00362,1.00594,1.00006,0.974767,1.01777,0.993561,0.980388,0.987905,0.987061,1.01202,0.984474,0.986845,0.983570,0.977379,0.960081,0.975865,0.975386,0.982538,0.989943
0.982265,0.997704,1.00225,0.989038,0.991749,0.980878,0.968121,0.996671,0.986609,0.971253,0.975562,0.976470,1.00751,0.973342,0.983556,0.976563,0.968145,0.956198,0.969831,0.962419,0.979714,0.979122
0.976788,0.996408,0.987515,0.984455,0.985457,0.976811,0.965396,0.986298,0.985255,0.967486,0.970426,0.972501,1.00347,0.970732,0.983169,0.973618,0.968561,0.960566,0.967489,0.964789,0.979276,0.973379
0.974547,0.995178,0.982323,0.982927,0.982660,0.973107,0.965151,0.982484,0.984743,0.966992,0.970178,0.971938,1.00140,0.970666,0.981621,0.972352,0.972624,0.964975,0.967984,0.969055,0.980549,0.971487
0.972560,0.988534,0.977589,0.975499,0.978045,0.969283,0.964110,0.975375,0.976731,0.963342,0.965953,0.967241,0.996269,0.965744,0.974415,0.966375,0.966299,0.961011,0.965148,0.959981,0.976134,0.968035
0.971142,0.984630,0.973809,0.973642,0.972312,0.967462,0.963344,0.972369,0.971828,0.962707,0.965166,0.965057,0.992487,0.966603,0.971610,0.964991,0.964822,0.960404,0.964382,0.958457,0.973349,0.964749
0.970262,0.982547,0.974305,0.973493,0.974619,0.967401,0.964140,0.973694,0.973438,0.964967,0.965663,0.966701,0.989896,0.968651,0.971755,0.966787,0.967869,0.963478,0.966408,0.963299,0.973190,0.966376
0.971738,0.978135,0.972167,0.972414,0.973011,0.969344,0.963344,0.973242,0.970913,0.965956,0.966326,0.965339,0.986010,0.967429,0.967160,0.963990,0.967361,0.964449,0.965193,0.962419,0.970803,0.967139
0.969808,0.972279,0.968807,0.967682,0.968256,0.966308,0.961200,0.968491,0.965023,0.961765,0.963841,0.962521,0.979378,0.963465,0.961018,0.960074,0.961590,0.959717,0.961996,0.955614,0.966746,0.962724
0.969836,0.970737,0.968273,0.968371,0.968536,0.967826,0.961568,0.967877,0.965242,0.962448,0.964006,0.961629,0.975648,0.964423,0.959325,0.959927,0.963067,0.960445,0.961771,0.958220,0.964996,0.963388
0.969184,0.969474,0.968005,0.971096,0.968466,0.968251,0.962119,0.969396,0.967145,0.962377,0.965124,0.961112,0.975699,0.966570,0.962469,0.962459,0.966668,0.965177,0.963707,0.964653,0.964360,0.961861
0.970319,0.966866,0.967700,0.968011,0.967277,0.966855,0.960864,0.966746,0.964145,0.961836,0.964255,0.959680,0.972073,0.964290,0.958696,0.960221,0.962975,0.961901,0.961185,0.959778,0.961933,0.962924
0.968985,0.963930,0.966746,0.966274,0.966019,0.966005,0.960037,0.963838,0.961474,0.961153,0.963012,0.959257,0.968705,0.961747,0.956907,0.957866,0.959420,0.959474,0.960735,0.954936,0.961058,0.960899
0.968616,0.964537,0.968807,0.968760,0.966508,0.966673,0.961599,0.965034,0.963815,0.961153,0.963219,0.960549,0.969378,0.962209,0.957342,0.960015,0.963529,0.962305,0.960285,0.960726,0.961734,0.961895
0.970234,0.966292,0.970716,0.969659,0.970983,0.973715,0.961047,0.967328,0.966852,0.962424,0.965704,0.961300,0.970466,0.965050,0.960776,0.961811,0.964406,0.966552,0.960780,0.963908,0.962411,0.964484
0.966885,0.964127,0.974267,0.970497,0.977696,1.01597,0.959332,0.966100,0.959022,0.957480,0.963965,0.957965,0.966839,0.962672,0.956471,0.958396,0.958728,0.969869,0.958889,0.956494,0.960382,0.962890
0.976845,0.987025,1.03833,0.979872,0.982590,1.01378,0.956484,0.992793,0.966084,0.959528,0.968604,0.954067,0.977824,0.958146,0.968127,0.959633,0.958497,0.987341,0.954521,0.949790,0.964678,0.963753
1.00690,1.01954,1.10965,1.03352,1.04034,1.07497,0.981228,1.03480,1.00212,0.992419,1.01118,0.964822,1.01803,0.973771,0.992165,0.987074,0.986427,1.00178,0.973748,0.966312,0.984248,0.988183
1.01373,1.00864,1.10587,1.05975,1.06831,1.08056,0.992069,1.04230,1.00424,0.997975,1.02738,0.984172,1.01855,1.00297,0.986651,0.985985,0.997138,0.998706,0.988338,0.979483,0.982379,1.00564
1.01498,1.00577,1.08896,1.05835,1.06908,1.05202,0.997397,1.03804,0.999049,0.985662,1.01988,1.00881,1.01290,1.01847,0.983169,0.980714,0.996584,0.989808,0.993876,0.986931,0.980827,1.01155
1.01297,1.00422,1.08014,1.04250,1.05552,1.04280,0.992865,1.03396,0.995244,0.984696,1.01309,1.01813,1.01342,1.01470,0.983169,0.981303,0.994968,0.976663,0.994597,0.992077,0.980191,1.01351
1.01226,1.00459,1.07281,1.03480,1.04804,1.04116,0.989711,1.03264,0.997439,0.985003,1.00911,1.01594,1.01415,1.00436,0.986409,0.985396,0.996261,0.966835,0.994326,1.00230,0.982140,1.01583
1.00897,1.00300,1.06704,1.02905,1.04181,1.03800,0.988271,1.03128,0.995646,0.984955,1.00514,1.00301,1.01135,0.993724,0.985345,0.983983,0.990998,0.958584,0.992030,0.994346,0.980191,1.01361
1.00559,1.00003,1.06204,1.02210,1.03181,1.03236,0.983372,1.03115,0.992207,0.982837,1.00120,0.995162,1.00793,0.989000,0.981766,0.980803,0.983657,0.950212,0.986221,0.984189,0.978282,1.00939
0.998865,0.999196,1.05143,1.00872,1.01475,1.02392,0.979176,1.02640,0.991731,0.981918,0.998965,0.991898,1.00492,0.985399,0.980557,0.979124,0.979271,0.951830,0.978656,0.977824,0.977407,1.00146
0.990210,0.998228,1.03555,0.997035,0.998042,1.00862,0.975103,1.01202,0.992646,0.980011,0.994823,0.988000,1.00420,0.980675,0.979058,0.980597,0.973916,0.954378,0.972397,0.972305,0.976333,0.989046
0.981045,0.996473,1.01222,0.983886,0.985037,0.992108,0.969806,0.994312,0.988804,0.976386,0.983391,0.977926,0.999689,0.969378,0.975140,0.975473,0.965376,0.952113,0.965328,0.960353,0.972713,0.975703
0.972901,0.995046,0.995075,0.977596,0.976717,0.976568,0.966284,0.983422,0.986243,0.971700,0.974982,0.970998,0.998756,0.963894,0.975092,0.972794,0.961082,0.950738,0.962716,0.955850,0.971679,0.965280
0.967027,0.993685,0.985415,0.973972,0.974899,0.971772,0.963191,0.978962,0.986609,0.968239,0.968894,0.967640,0.998290,0.965050,0.973351,0.972028,0.963806,0.955308,0.962086,0.956426,0.972713,0.961563
0.963707,0.991208,0.978887,0.972145,0.970214,0.967158,0.960129,0.975827,0.983719,0.964755,0.965787,0.964963,0.998549,0.964356,0.972238,0.969820,0.961728,0.956764,0.960375,0.956155,0.971321,0.960135
0.962033,0.985861,0.972587,0.966304,0.966648,0.964548,0.957893,0.971852,0.978304,0.960870,0.962722,0.962803,0.993523,0.960525,0.965564,0.963284,0.956419,0.953044,0.958573,0.950129,0.967383,0.957380
0.961068,0.982104,0.969304,0.965046,0.965739,0.963213,0.957066,0.969623,0.975084,0.960117,0.959409,0.961629,0.989430,0.960558,0.963387,0.962047,0.956973,0.954135,0.958754,0.950670,0.967303,0.955754
0.961210,0.980874,0.967662,0.967203,0.967417,0.963455,0.958383,0.969170,0.975450,0.960352,0.961065,0.962263,0.989948,0.962771,0.963823,0.961046,0.960113,0.957573,0.959339,0.956121,0.966070,0.956916
0.961465,0.976642,0.966173,0.966454,0.965389,0.964305,0.958016,0.968265,0.969559,0.958845,0.960693,0.961441,0.985130,0.961416,0.959518,0.959368,0.957758,0.955956,0.958709,0.953447,0.964877,0.957380
0.960245,0.971131,0.963997,0.964327,0.963502,0.962545,0.956944,0.964613,0.965206,0.957197,0.959450,0.959351,0.980155,0.959732,0.955939,0.956511,0.954711,0.954297,0.958213,0.948944,0.960223,0.957082
0.959706,0.969278,0.963577,0.963459,0.963222,0.962059,0.957189,0.965357,0.965059,0.957244,0.959160,0.960337,0.976891,0.959500,0.955794,0.955952,0.956512,0.954176,0.957538,0.952092,0.959308,0.957181
0.961408,0.968195,0.965028,0.965525,0.965320,0.962666,0.957893,0.965648,0.965937,0.958516,0.960237,0.961018,0.974715,0.962176,0.955746,0.958396,0.958543,0.959353,0.958934,0.957510,0.959069,0.957746
0.960699,0.966489,0.964875,0.965316,0.964131,0.961816,0.957556,0.964258,0.962791,0.958092,0.959906,0.959656,0.970415,0.959798,0.954295,0.955039,0.955635,0.955753,0.957042,0.953819,0.957637,0.955787
0.959592,0.964143,0.965066,0.963129,0.962872,0.961209,0.957464,0.963870,0.959827,0.956468,0.959616,0.959093,0.966580,0.959434,0.952747,0.954185,0.956419,0.954783,0.957538,0.950840,0.956484,0.956717
0.961040,0.964127,0.965104,0.965436,0.966019,0.965944,0.957740,0.963773,0.961071,0.956703,0.959864,0.960525,0.965389,0.960425,0.954150,0.955864,0.957804,0.957412,0.957042,0.954395,0.957160,0.958111
0.959337,0.962733,0.966936,0.967952,0.974689,1.00856,0.955413,0.962868,0.958437,0.954702,0.958704,0.957754,0.963679,0.959864,0.952167,0.954568,0.957296,0.963923,0.955602,0.954869,0.955171,0.956683
0.958145,0.965751,0.998015,0.964896,0.968326,0.997572,0.950145,0.976894,0.954376,0.950699,0.957710,0.951390,0.958756,0.953852,0.951393,0.951565,0.950141,0.979859,0.947541,0.948741,0.950796,0.953364
0.982208,1.00359,1.07697,0.992452,0.996854,1.04007,0.963742,1.01561,0.977791,0.972195,0.984468,0.954983,0.989016,0.957320,0.975624,0.972823,0.964268,0.989444,0.956547,0.949079,0.970167,0.967106
1.00057,1.00884,1.10167,1.03579,1.04559,1.07412,0.984750,1.03144,0.998061,0.992372,1.01201,0.965550,1.00907,0.975125,0.978622,0.978859,0.983057,0.991304,0.974018,0.962893,0.974861,0.987320
1.00340,1.00656,1.09274,1.05304,1.06251,1.06119,0.991885,1.03164,0.998427,0.988887,1.01702,0.987671,1.00762,1.00443,0.977317,0.976386,0.991090,0.983579,0.985276,0.975420,0.973469,0.999170
1.00545,1.00207,1.08197,1.05026,1.05978,1.04098,0.988670,1.02776,0.993304,0.981071,1.00986,1.00571,1.00404,1.01328,0.976156,0.974502,0.990028,0.971648,0.987257,0.981480,0.973946,1.00491
1.00400,1.00026,1.07491,1.03708,1.04964,1.03673,0.983372,1.02711,0.989682,0.980270,1.00489,1.01432,1.00435,1.00714,0.976930,0.976798,0.988135,0.958342,0.988518,0.988082,0.973031,1.00727
1.00264,1.00075,1.06991,1.03037,1.04237,1.03654,0.983157,1.02908,0.990268,0.981000,1.00348,1.01064,1.00482,0.996234,0.979203,0.977299,0.988274,0.953205,0.988743,0.988861,0.974145,1.00807
0.999546,0.999836,1.06429,1.02393,1.03419,1.02835,0.980616,1.02614,0.988914,0.979046,0.998053,1.00063,1.00109,0.989396,0.975576,0.974001,0.981349,0.947179,0.985276,0.981582,0.971559,1.00521
0.993757,0.997884,1.05338,1.01147,1.01790,1.02167,0.977155,1.02181,0.987560,0.976762,0.996189,0.994529,0.999016,0.984904,0.973109,0.972499,0.975301,0.945238,0.979377,0.974540,0.969769,0.997145
0.987401,0.997540,1.03967,0.998323,1.00154,1.01111,0.975624,1.01138,0.988841,0.976833,0.992130,0.988986,0.997668,0.979651,0.973157,0.972529,0.970362,0.947017,0.971452,0.968987,0.968695,0.988914
0.978661,0.996162,1.01966,0.986342,0.988323,0.994354,0.970632,0.995540,0.987341,0.976268,0.985793,0.980838,0.992435,0.969972,0.971029,0.970085,0.964360,0.949120,0.965958,0.959439,0.966786,0.974707
0.971000,0.992242,1.00034,0.975889,0.975388,0.978085,0.964569,0.982000,0.983755,0.972313,0.975107,0.970505,0.993471,0.962837,0.966289,0.968171,0.957666,0.946047,0.958979,0.953108,0.966428,0.964152
0.964672,0.989026,0.987630,0.969539,0.971333,0.968858,0.960282,0.975181,0.981743,0.967392,0.966408,0.964259,0.993886,0.960260,0.966144,0.966552,0.956927,0.947826,0.957313,0.951618,0.964837,0.959073
0.961040,0.986025,0.980185,0.968161,0.969445,0.966066,0.958781,0.974211,0.981377,0.964402,0.962846,0.961676,0.991295,0.960789,0.964355,0.965168,0.957066,0.952275,0.956232,0.953142,0.965155,0.956849
0.959309,0.981317,0.973618,0.964956,0.966089,0.960845,0.956331,0.970463,0.976950,0.960705,0.960195,0.960408,0.989689,0.958675,0.961211,0.962518,0.954388,0.950091,0.955602,0.951686,0.963087,0.956418
0.957805,0.977610,0.970411,0.963369,0.961824,0.959085,0.956209,0.967457,0.973511,0.957998,0.957752,0.959374,0.987409,0.958642,0.957680,0.960104,0.953880,0.948514,0.953665,0.950027,0.960899,0.951804
0.957606,0.975133,0.968540,0.963968,0.964481,0.960602,0.955229,0.966811,0.972669,0.956656,0.958290,0.958670,0.986062,0.958642,0.958019,0.959250,0.954988,0.953246,0.955421,0.953379,0.960820,0.953995
0.958656,0.973952,0.967242,0.963848,0.964900,0.960056,0.956546,0.965938,0.970986,0.957056,0.958829,0.959586,0.982435,0.958939,0.956181,0.957483,0.957158,0.954783,0.955872,0.954699,0.959706,0.954791
0.957294,0.968096,0.964378,0.961512,0.961194,0.957931,0.954892,0.962998,0.962315,0.954749,0.956758,0.957895,0.976218,0.956428,0.950667,0.953508,0.954203,0.950455,0.954431,0.949316,0.956126,0.952800
0.957890,0.964635,0.962851,0.960643,0.961893,0.957446,0.953300,0.960315,0.960413,0.954443,0.956509,0.956157,0.971762,0.954942,0.949555,0.952919,0.951988,0.949848,0.953530,0.948131,0.954495,0.951638
0.956783,0.964422,0.965180,0.962950,0.963572,0.958599,0.953055,0.962125,0.961803,0.955031,0.957089,0.957825,0.969534,0.956296,0.950039,0.954303,0.954203,0.952639,0.954926,0.953548,0.955569,0.952401
0.956925,0.963143,0.964035,0.962201,0.963851,0.958781,0.953545,0.961737,0.961693,0.955667,0.957006,0.958529,0.968083,0.957618,0.949507,0.953273,0.954019,0.954135,0.954566,0.955444,0.952904,0.952302
0.956471,0.959452,0.962851,0.958607,0.960425,0.958720,0.952840,0.959314,0.955510,0.953995,0.957048,0.956674,0.962746,0.955140,0.948201,0.950152,0.949818,0.949848,0.953575,0.949756,0.951790,0.951572
0.958089,0.959813,0.964417,0.959176,0.963362,0.962727,0.953728,0.958635,0.956534,0.952889,0.956012,0.956275,0.961865,0.955834,0.947766,0.951153,0.952588,0.952841,0.952585,0.950298,0.951989,0.952800
0.955478,0.959747,0.965142,0.963189,0.972451,1.00431,0.951524,0.958118,0.955217,0.952112,0.955225,0.954866,0.960415,0.956329,0.947233,0.951035,0.952818,0.959838,0.951324,0.950501,0.950040,0.953397
0.952385,0.959124,0.984308,0.959924,0.964341,0.994415,0.944878,0.967748,0.950168,0.946085,0.953858,0.948079,0.955337,0.950020,0.943654,0.946383,0.946355,0.975814,0.944750,0.944441,0.946420,0.950244
0.968786,0.991356,1.05757,0.975949,0.981052,1.02234,0.954892,0.999935,0.960888,0.958916,0.972663,0.947891,0.974145,0.949623,0.963387,0.961841,0.952680,0.979656,0.948622,0.939294,0.958353,0.956916
0.988933,1.00343,1.08987,1.01962,1.03286,1.06313,0.977339,1.02165,0.989024,0.983614,1.00497,0.956956,0.997668,0.965348,0.972045,0.974031,0.974609,0.981274,0.966453,0.954733,0.967423,0.977761
0.995063,1.00297,1.08892,1.04646,1.05608,1.05979,0.986556,1.02508,0.997512,0.986039,1.01309,0.976188,1.00145,0.998745,0.973012,0.974384,0.987812,0.981274,0.979512,0.974844,0.967820,0.991569
0.998127,1.00072,1.07934,1.04643,1.05754,1.04183,0.985607,1.02233,0.990707,0.978740,1.00725,0.998403,0.999067,1.00965,0.970739,0.970998,0.985365,0.967280,0.982529,0.978027,0.968059,0.998772
0.997730,0.996851,1.06994,1.03376,1.04419,1.03327,0.979238,1.01949,0.984121,0.974996,1.00012,1.00834,0.996995,1.00443,0.968708,0.968731,0.981857,0.951304,0.983429,0.978433,0.966547,1.00063
0.998411,0.998015,1.06563,1.02792,1.03888,1.03114,0.978411,1.02265,0.986463,0.975609,0.996769,1.00977,0.997461,0.994715,0.971319,0.971440,0.982503,0.948473,0.982934,0.986660,0.969928,1.00402
0.995063,0.997654,1.06059,1.02399,1.03370,1.02604,0.976512,1.02278,0.986609,0.975703,0.996645,1.00075,0.998549,0.988736,0.972335,0.971057,0.981857,0.947139,0.981538,0.985949,0.968974,1.00143
0.990068,0.994587,1.05120,1.00878,1.01538,1.01767,0.974552,1.01729,0.982804,0.973725,0.991799,0.991523,0.992798,0.981204,0.968708,0.967200,0.971423,0.940222,0.974829,0.971865,0.965434,0.994656
0.982095,0.991077,1.03631,0.993081,0.996434,1.00492,0.970081,1.00375,0.980975,0.972053,0.987036,0.985887,0.988083,0.972846,0.965370,0.964962,0.964775,0.940303,0.966318,0.961674,0.962967,0.984565
0.975540,0.991454,1.01863,0.981070,0.984827,0.990955,0.965916,0.991048,0.980206,0.970217,0.982024,0.977245,0.988342,0.966570,0.964597,0.964020,0.959697,0.943135,0.960375,0.956020,0.961416,0.972417
0.967821,0.988354,1.00038,0.971755,0.974129,0.976568,0.962578,0.979382,0.978743,0.968545,0.973326,0.967077,0.985026,0.959765,0.962614,0.962224,0.956235,0.942447,0.956502,0.950027,0.959865,0.961729
0.960841,0.983253,0.985415,0.964118,0.964411,0.966005,0.958108,0.970334,0.974426,0.963743,0.962722,0.959633,0.982539,0.952563,0.957487,0.960428,0.949679,0.940546,0.950693,0.942917,0.957717,0.953464
0.957720,0.979792,0.975909,0.960254,0.961544,0.959449,0.954280,0.967748,0.971096,0.960258,0.958539,0.956345,0.982280,0.952134,0.956761,0.958337,0.947925,0.942164,0.950333,0.943967,0.957836,0.950642
0.956358,0.976085,0.971709,0.960943,0.960215,0.958902,0.953575,0.967231,0.971974,0.957668,0.958166,0.955406,0.982228,0.953918,0.954392,0.958278,0.951249,0.945682,0.951099,0.948436,0.956683,0.951207
0.954315,0.973723,0.969075,0.959295,0.959237,0.957688,0.950697,0.965163,0.968901,0.955714,0.956136,0.953973,0.979326,0.954182,0.951635,0.955540,0.949402,0.946936,0.950693,0.950264,0.955529,0.948750
0.952867,0.969327,0.965486,0.956839,0.958258,0.953864,0.950513,0.961479,0.963705,0.953760,0.952657,0.953175,0.976580,0.951572,0.947911,0.952448,0.947694,0.943418,0.950423,0.947319,0.953858,0.948617
0.953265,0.967243,0.963768,0.959295,0.960285,0.956839,0.950023,0.961123,0.964254,0.952489,0.953237,0.952823,0.973627,0.953753,0.948152,0.951477,0.949356,0.945197,0.949433,0.951043,0.951949,0.949082
0.953236,0.964553,0.962431,0.957528,0.958607,0.957324,0.950329,0.959087,0.961510,0.952865,0.954355,0.951531,0.970777,0.953257,0.947475,0.951006,0.948848,0.947745,0.950648,0.951178,0.951313,0.949281
0.951647,0.961765,0.960904,0.957289,0.958048,0.956535,0.949962,0.958183,0.957998,0.952324,0.954272,0.951954,0.966218,0.951837,0.943848,0.948532,0.948110,0.945278,0.949478,0.947319,0.949960,0.948452
0.951477,0.959813,0.959224,0.956690,0.958188,0.954592,0.948982,0.956308,0.955583,0.950723,0.952699,0.951437,0.962021,0.952200,0.944912,0.948267,0.947325,0.946208,0.948217,0.946878,0.948648,0.948883
0.952782,0.958435,0.959339,0.956600,0.959306,0.955382,0.949074,0.955242,0.956242,0.951594,0.955349,0.951625,0.962591,0.952960,0.944912,0.948473,0.949171,0.948069,0.948307,0.951314,0.948767,0.948252
0.952726,0.957254,0.959759,0.955821,0.958048,0.954167,0.948553,0.954595,0.952985,0.950064,0.954148,0.950333,0.959326,0.952233,0.943799,0.947649,0.947556,0.947422,0.948802,0.948131,0.946380,0.947323
0.952385,0.955811,0.959186,0.952946,0.957838,0.955746,0.948522,0.954563,0.951302,0.949969,0.953444,0.950991,0.956218,0.949590,0.942107,0.945617,0.945801,0.945359,0.947451,0.945456,0.946261,0.949281
0.951676,0.955007,0.959720,0.957618,0.966858,0.995994,0.948124,0.953755,0.951156,0.949428,0.950296,0.949605,0.955544,0.951374,0.942784,0.946766,0.946494,0.948514,0.945875,0.948199,0.946221,0.948452
0.948952,0.955253,0.967471,0.957588,0.963781,0.991016,0.948002,0.958700,0.951778,0.946697,0.950213,0.948502,0.953005,0.950945,0.941623,0.944940,0.945386,0.950940,0.945335,0.944779,0.942840,0.947124
0.955052,0.971853,1.00084,0.958307,0.960285,0.980028,0.951003,0.974341,0.951193,0.945920,0.948432,0.948596,0.955596,0.948665,0.948152,0.948179,0.944139,0.942609,0.944479,0.936450,0.947932,0.946825
0.965835,0.986271,1.02333,0.961332,0.964061,0.983913,0.950544,0.985651,0.955144,0.948910,0.956385,0.949958,0.965596,0.947509,0.958357,0.955746,0.943585,0.939252,0.946146,0.935164,0.957001,0.949115
0.968673,0.993078,1.02711,0.969659,0.969864,0.986463,0.954126,0.992438,0.962023,0.955573,0.965083,0.952470,0.973420,0.950614,0.963968,0.959574,0.951295,0.945359,0.949568,0.942037,0.960979,0.951140
0.966630,0.989125,1.01458,0.969809,0.971053,0.983063,0.953085,0.988334,0.961583,0.956868,0.965746,0.953527,0.975181,0.953224,0.962275,0.956394,0.953419,0.947664,0.951414,0.943527,0.961933,0.954194
0.962203,0.977577,0.993242,0.962291,0.964061,0.972865,0.948982,0.976991,0.954046,0.952324,0.962681,0.949605,0.969741,0.948302,0.955165,0.948297,0.946909,0.942366,0.947181,0.941563,0.956484,0.949713
0.958826,0.965341,0.982934,0.957828,0.959796,0.962727,0.945644,0.967651,0.949656,0.949051,0.956592,0.946905,0.960674,0.947080,0.946460,0.944027,0.944832,0.939858,0.945155,0.937906,0.951114,0.949248
0.958826,0.961978,0.977169,0.959415,0.958537,0.959267,0.946042,0.964840,0.952876,0.949428,0.953900,0.948173,0.960207,0.949293,0.946460,0.944940,0.948063,0.946613,0.946551,0.946201,0.948648,0.950277
0.957436,0.956729,0.970334,0.954473,0.955461,0.954592,0.945552,0.960703,0.949363,0.946932,0.952284,0.946247,0.956321,0.947575,0.942687,0.943350,0.945386,0.943499,0.944524,0.940784,0.945664,0.948783
0.956301,0.953908,0.964722,0.950969,0.953433,0.952407,0.944480,0.956567,0.947717,0.945520,0.949178,0.945496,0.953886,0.945230,0.939930,0.942408,0.943539,0.940910,0.942858,0.937703,0.944272,0.946194
0.954825,0.954187,0.961019,0.952736,0.951895,0.952225,0.944052,0.955209,0.948558,0.946767,0.947562,0.945707,0.952694,0.945924,0.940849,0.943380,0.944786,0.943458,0.943264,0.941935,0.945187,0.946194
0.955904,0.955630,0.961210,0.955851,0.954552,0.953803,0.944848,0.955823,0.953351,0.948180,0.950296,0.946811,0.953627,0.949888,0.942445,0.945676,0.948387,0.948878,0.946146,0.949993,0.944948,0.947290
0.952896,0.952415,0.956704,0.951029,0.950776,0.951072,0.943194,0.952689,0.947790,0.946391,0.947687,0.947093,0.951088,0.946650,0.938866,0.943380,0.944786,0.942770,0.943669,0.943019,0.943556,0.945398
0.952442,0.949791,0.954795,0.948123,0.947909,0.948765,0.941234,0.949102,0.943546,0.944201,0.945409,0.945120,0.949067,0.943545,0.936835,0.940052,0.940492,0.938726,0.943129,0.936552,0.941766,0.944502
0.951278,0.950857,0.953688,0.949322,0.950077,0.949979,0.941693,0.949845,0.945668,0.944437,0.945906,0.945825,0.949896,0.945461,0.937706,0.941436,0.943354,0.944591,0.943534,0.941563,0.940573,0.944402
0.953094,0.952284,0.956666,0.953754,0.953503,0.952043,0.944511,0.950071,0.948997,0.947238,0.948888,0.947445,0.953109,0.948038,0.939930,0.943321,0.945617,0.947179,0.944299,0.946506,0.945147,0.947323
0.950966,0.949971,0.955712,0.949501,0.950217,0.950464,0.941908,0.947518,0.944534,0.944601,0.946403,0.945073,0.950104,0.944602,0.936496,0.939493,0.942108,0.941436,0.941958,0.937771,0.942363,0.944070
0.950172,0.948511,0.952886,0.948423,0.948259,0.948704,0.940867,0.946290,0.942595,0.942200,0.944456,0.944392,0.950155,0.943512,0.934852,0.938757,0.939430,0.941355,0.941057,0.936857,0.940096,0.943141
0.949377,0.949414,0.955788,0.952317,0.950287,0.950222,0.942000,0.946936,0.946839,0.943613,0.946775,0.944838,0.950207,0.946816,0.936400,0.941083,0.945063,0.942932,0.942363,0.943764,0.941647,0.944668
0.950455,0.951333,0.958232,0.953425,0.950706,0.950525,0.943194,0.949198,0.947497,0.945590,0.947811,0.945285,0.951244,0.945791,0.937222,0.941937,0.945940,0.945561,0.941778,0.946100,0.941806,0.945862
0.950030,0.947199,0.954681,0.948213,0.948609,0.948036,0.940285,0.945579,0.942522,0.942671,0.946693,0.943359,0.947720,0.941860,0.933014,0.937962,0.938738,0.939009,0.940697,0.933674,0.939380,0.943539
0.950824,0.945821,0.954261,0.946356,0.948469,0.945487,0.939519,0.945288,0.941204,0.942082,0.944207,0.941715,0.948601,0.940143,0.934852,0.936843,0.938369,0.939737,0.938671,0.935570,0.939459,0.943506
0.950626,0.949348,0.957735,0.951418,0.951335,0.948704,0.941693,0.948552,0.946583,0.944719,0.946071,0.942960,0.949067,0.945230,0.936496,0.941377,0.943816,0.945238,0.941463,0.941969,0.941408,0.944867
0.951647,0.949397,0.958384,0.950969,0.949937,0.949250,0.942245,0.948908,0.944387,0.944248,0.947811,0.943735,0.949689,0.944602,0.936351,0.941142,0.942108,0.944914,0.941237,0.940479,0.940971,0.945431
0.949774,0.947576,0.956704,0.945817,0.946441,0.946397,0.942061,0.946387,0.939595,0.942271,0.946941,0.942255,0.947357,0.942951,0.934659,0.938168,0.937630,0.940465,0.938986,0.933843,0.939737,0.945431
0.948724,0.948561,0.957621,0.947614,0.947350,0.949372,0.941510,0.946775,0.942595,0.941894,0.946278,0.942842,0.946166,0.944734,0.935432,0.939346,0.940123,0.942609,0.940337,0.936112,0.938783,0.943705
0.950058,0.950939,0.959110,0.953335,0.952734,0.950161,0.944419,0.950297,0.948119,0.941564,0.947148,0.944932,0.947979,0.946353,0.937464,0.940376,0.945386,0.946087,0.941102,0.942782,0.939260,0.943838
0.949320,0.948643,0.957926,0.949232,0.948888,0.947793,0.944725,0.948164,0.945009,0.940740,0.946486,0.943523,0.945596,0.944272,0.933740,0.938227,0.939938,0.941395,0.939571,0.936620,0.938664,0.942178
0.947930,0.945132,0.956399,0.946776,0.946022,0.948643,0.942980,0.946936,0.941497,0.940575,0.942592,0.941152,0.943264,0.941035,0.931998,0.935165,0.937168,0.937189,0.939571,0.932185,0.936754,0.939257
0.951619,0.946592,0.960484,0.949561,0.948818,0.949311,0.943317,0.947712,0.944205,0.941517,0.945699,0.942678,0.947461,0.944140,0.934755,0.938934,0.940446,0.940910,0.940382,0.939599,0.937828,0.941448
0.953719,0.947330,0.962699,0.952706,0.950986,0.952771,0.941785,0.949586,0.947424,0.943118,0.948059,0.943617,0.949275,0.947939,0.936787,0.941201,0.946171,0.946047,0.940697,0.944610,0.940414,0.944734
0.953094,0.944411,0.958728,0.946836,0.946022,0.948461,0.938662,0.946646,0.942339,0.940552,0.944042,0.941316,0.947565,0.943413,0.931708,0.936578,0.941923,0.939050,0.938716,0.938719,0.937868,0.942311
0.952726,0.941917,0.955597,0.943421,0.945043,0.946458,0.936549,0.942768,0.938351,0.938315,0.942675,0.939367,0.945233,0.938689,0.930354,0.936048,0.938415,0.936623,0.937950,0.934013,0.935879,0.940286
0.954371,0.945182,0.955253,0.946865,0.947140,0.947126,0.938447,0.943026,0.941643,0.939233,0.942799,0.941175,0.946995,0.941167,0.933643,0.938109,0.941277,0.940506,0.938130,0.938279,0.938146,0.942410
0.953009,0.944772,0.956170,0.947944,0.947700,0.946154,0.937988,0.945030,0.942595,0.940505,0.943379,0.941739,0.946839,0.944437,0.933594,0.937903,0.941923,0.941517,0.938130,0.938448,0.937271,0.941846
0.951534,0.941852,0.952352,0.943002,0.944064,0.944637,0.936549,0.942186,0.937765,0.939139,0.941391,0.939461,0.943264,0.938425,0.930693,0.934193,0.936383,0.935774,0.936374,0.929611,0.934487,0.941913
0.951619,0.942721,0.953726,0.945278,0.944973,0.944758,0.936518,0.941830,0.938387,0.938433,0.943545,0.940541,0.944249,0.940110,0.931853,0.934841,0.937353,0.937674,0.938130,0.934385,0.936197,0.941249
0.951931,0.945756,0.954108,0.947495,0.946861,0.946033,0.937559,0.943640,0.943107,0.939610,0.943918,0.941222,0.945751,0.943248,0.933304,0.936431,0.941277,0.942447,0.938896,0.939294,0.937232,0.939655
0.951761,0.943328,0.953688,0.945608,0.943225,0.944819,0.936334,0.942315,0.940363,0.939351,0.942675,0.939649,0.945492,0.940308,0.931708,0.937196,0.940215,0.940263,0.937050,0.937805,0.936038,0.939987
0.949831,0.939916,0.951130,0.940216,0.938890,0.942876,0.934742,0.940990,0.935168,0.938009,0.940314,0.938075,0.941917,0.936938,0.927936,0.932456,0.933521,0.935167,0.934348,0.928393,0.933930,0.938029
0.949491,0.941212,0.951168,0.943780,0.943085,0.945001,0.934650,0.940021,0.938351,0.937444,0.941060,0.937606,0.944611,0.939251,0.930209,0.933251,0.937722,0.937149,0.934708,0.934791,0.936436,0.941083
0.950711,0.942442,0.951894,0.944110,0.945043,0.944151,0.937100,0.941669,0.939814,0.938127,0.942468,0.939062,0.944560,0.940011,0.931079,0.933751,0.939707,0.940303,0.936239,0.937094,0.936476,0.939224
0.950427,0.941179,0.951817,0.943032,0.943784,0.944212,0.936059,0.940344,0.937253,0.937750,0.942302,0.937981,0.943627,0.939383,0.929000,0.934075,0.936891,0.936299,0.935384,0.933370,0.935720,0.939257
0.948497,0.940080,0.949794,0.941923,0.941477,0.942573,0.934038,0.939019,0.936155,0.934289,0.939237,0.936854,0.943264,0.937401,0.928710,0.932368,0.935091,0.933225,0.934438,0.931372,0.935720,0.938062
0.947249,0.941754,0.951626,0.944709,0.944413,0.943787,0.935048,0.940215,0.940692,0.936479,0.939693,0.936972,0.945803,0.941200,0.930983,0.934311,0.938922,0.938766,0.935384,0.937703,0.935680,0.938992
0.948866,0.943164,0.952008,0.944170,0.943435,0.945001,0.935630,0.942186,0.942375,0.937774,0.940480,0.938310,0.945181,0.941167,0.932337,0.934959,0.939523,0.939373,0.935113,0.938719,0.936595,0.939888
