Det0.000000,Det0.000000,Det0.000000,Det0.000000,Det0.000000,Det0.000000,Det0.000000,Det0.000000,Det0.000000,Det0.000000,Det0.000000,Det0.000000,Det0.000000,Det0.000000,Det0.000000,Det0.000000,Det0.000000,Det0.000000,Det0.000000
0.997109,1.00263,1.00380,1.00376,1.00495,1.00286,1.00118,1.00265,1.00276,1.00094,1.00253,1.00094,1.00087,1.00475,1.00083,0.998210,0.999060,1.00223,1.00293
0.997010,1.00063,1.00101,1.00079,1.00159,1.00091,1.00196,1.00101,1.00241,0.999166,1.00059,0.999106,0.999953,1.00209,0.999948,0.998926,0.997964,1.00112,1.00173
0.992624,1.00034,1.00168,0.998149,1.00119,0.999855,0.998363,1.00032,0.999575,0.998555,0.999342,0.998447,0.997712,0.999898,0.997779,1.00143,0.992796,0.997352,1.00225
0.993421,0.999659,1.00077,0.998205,1.00258,1.00120,0.998499,0.999874,0.998796,0.999055,0.999507,0.996988,0.997806,1.00041,0.998296,0.996659,0.991699,0.996724,1.00210
0.997707,1.00034,1.00336,1.00163,1.00575,1.00377,1.00086,1.00562,1.00035,1.00072,1.00191,1.00212,1.00208,1.00378,0.998864,1.00012,0.994048,0.998746,1.00721
1.00005,1.00278,1.00308,1.00449,1.00271,1.00170,1.00309,1.00335,1.00212,1.00367,1.00326,1.00353,1.00384,1.00526,1.00248,1.00179,1.00063,1.00209,1.00736
1.00369,0.999318,1.00087,1.00067,1.00119,1.00098,1.00323,1.00328,1.00255,1.00206,1.00128,1.00151,1.00071,0.999489,1.00217,1.00215,1.00313,1.00146,1.00150
1.00229,1.00054,1.00202,1.00191,1.00119,1.00297,1.00236,1.00290,0.999929,1.00250,1.00194,1.00155,1.00085,1.00133,1.00289,1.00310,1.00548,1.00307,1.00173
1.00244,1.00156,1.00173,0.999551,1.00152,1.00109,0.999227,1.00038,1.00092,0.998722,1.00056,1.00297,1.00193,1.00041,1.00000,1.00251,1.00407,0.999373,0.999775
0.999352,1.00200,1.00087,1.00101,1.00198,1.00072,0.998590,0.999937,0.999929,1.00006,1.00128,1.00024,1.00116,0.999898,1.00165,0.999881,0.998904,0.999512,1.00225
0.998604,0.998393,0.997453,0.997756,0.997754,0.998551,0.999136,0.997917,1.00191,0.997388,0.997401,0.996094,0.998113,0.999183,0.997882,0.998688,0.999217,1.00056,0.998123
0.996860,0.998052,0.995146,0.995456,0.995640,0.995327,0.996362,0.995077,0.996177,0.996443,0.995757,0.995623,0.994740,0.996629,0.995455,0.996421,0.993892,0.994703,0.998273
0.995165,0.995812,0.994473,0.991978,0.996697,0.995472,0.993770,0.994951,0.996177,0.995332,0.993783,0.992328,0.991933,0.996680,0.992873,0.992841,0.991856,0.994982,0.996245
0.992873,0.995715,0.995434,0.994054,0.995244,0.997030,0.994179,0.994320,0.996389,0.994498,0.995658,0.992846,0.993561,0.997089,0.994422,0.994034,0.989507,0.994146,0.995494
0.994767,0.997516,0.998078,0.995512,0.996235,0.996668,0.996226,0.995329,0.995681,0.994998,0.996612,0.994023,0.993702,0.997242,0.994732,0.993199,0.989820,0.994494,0.995795
0.991278,0.995179,0.992503,0.995176,0.995046,0.992755,0.991814,0.992679,0.993770,0.993998,0.994244,0.990305,0.991155,0.995608,0.993234,0.992364,0.989976,0.994494,0.993767
0.992624,0.995130,0.993416,0.992932,0.992536,0.991669,0.993588,0.993184,0.993486,0.992609,0.993454,0.992987,0.988561,0.993974,0.994164,0.993080,0.992639,0.996237,0.993166
0.988786,0.993280,0.992503,0.991642,0.992470,0.992755,0.990405,0.990911,0.993203,0.991275,0.993487,0.991717,0.990330,0.994842,0.990187,0.990216,0.986531,0.992961,0.993016
0.988935,0.994789,0.993368,0.993381,0.995574,0.994241,0.993861,0.989965,0.992707,0.993387,0.994342,0.990964,0.992122,0.994791,0.993080,0.994869,0.988567,0.992891,0.994368
0.989484,0.994351,0.992887,0.994110,0.994451,0.993733,0.993497,0.991227,0.993628,0.992053,0.994211,0.992517,0.992500,0.995353,0.994629,0.993080,0.991543,0.995261,0.992340
0.986344,0.994302,0.995290,0.993830,0.993791,0.993661,0.990769,0.990848,0.990867,0.992275,0.992862,0.992611,0.992806,0.992697,0.993286,0.993438,0.986061,0.994076,0.991889
0.988537,0.993280,0.991686,0.994559,0.993659,0.993516,0.991178,0.992111,0.994761,0.992442,0.992106,0.991622,0.992193,0.995455,0.994009,0.990693,0.987940,0.994007,0.992340
0.987042,0.993864,0.993127,0.991305,0.995640,0.992937,0.990541,0.990722,0.991433,0.990830,0.992369,0.990916,0.990848,0.994484,0.995455,0.991171,0.983712,0.990313,0.994368
0.986344,0.993329,0.993031,0.991137,0.993395,0.993335,0.992087,0.991984,0.992353,0.991553,0.994013,0.991199,0.990047,0.993974,0.993544,0.988904,0.986374,0.993310,0.993016
0.984051,0.991575,0.991301,0.990240,0.992734,0.991053,0.990314,0.991543,0.989167,0.989886,0.991283,0.989834,0.990330,0.991318,0.992563,0.990813,0.985904,0.991707,0.994443
0.986394,0.990115,0.990916,0.990183,0.990554,0.990727,0.990814,0.989902,0.988955,0.989052,0.990099,0.989269,0.987593,0.994280,0.991737,0.990216,0.983712,0.991846,0.990387
0.983353,0.991381,0.991493,0.989286,0.992140,0.991415,0.989814,0.989902,0.988530,0.988385,0.990724,0.990681,0.988325,0.990246,0.991633,0.985205,0.980893,0.991219,0.991514
0.984250,0.994156,0.993079,0.993493,0.995839,0.993951,0.991769,0.990217,0.990371,0.991831,0.991809,0.992140,0.992075,0.993514,0.993957,0.990097,0.978857,0.990104,0.993917
0.986294,0.992695,0.993127,0.991586,0.995905,0.992719,0.991041,0.991101,0.989946,0.991831,0.991711,0.991340,0.991415,0.992084,0.994112,0.990097,0.981832,0.989755,0.994968
0.986144,0.991575,0.990724,0.991474,0.993064,0.990763,0.991814,0.993562,0.991291,0.991108,0.990033,0.988893,0.990117,0.991216,0.993648,0.991648,0.989663,0.991498,0.993166
0.988387,0.989238,0.987648,0.990576,0.991413,0.988373,0.988586,0.992868,0.992212,0.989774,0.990198,0.987857,0.989858,0.991369,0.993544,0.993199,0.993265,0.990940,0.993992
0.990829,0.993669,0.994281,0.993493,0.996367,0.994204,0.992678,0.994004,0.992778,0.993720,0.993323,0.994917,0.995872,0.993718,0.996901,0.994631,0.992639,0.993031,0.997672
0.996960,0.997857,0.997453,0.999159,0.999009,0.998225,0.995453,0.996970,0.994336,0.995443,0.995658,0.996847,1.00009,0.997344,1.00134,0.995227,0.996085,0.995958,0.999174
0.995066,0.994643,0.993896,0.995793,0.995905,0.996378,0.995362,0.994509,0.993416,0.995888,0.994342,0.995999,0.997193,0.993821,0.999484,0.998568,0.997337,0.993867,0.995870
0.991378,0.993085,0.991541,0.993437,0.992932,0.992864,0.993770,0.991479,0.992991,0.991664,0.991974,0.992375,0.993042,0.992237,0.996127,0.993318,0.992639,0.993031,0.993241
0.986344,0.988800,0.988225,0.987996,0.989233,0.989061,0.989495,0.990091,0.988389,0.987218,0.988783,0.988422,0.987310,0.989633,0.992356,0.988188,0.991073,0.988989,0.991664
0.985995,0.989530,0.988706,0.989230,0.991809,0.991234,0.988176,0.988450,0.986194,0.986384,0.987599,0.988328,0.986886,0.989939,0.989568,0.989500,0.986531,0.986480,0.991664
0.984101,0.988994,0.988754,0.990576,0.991281,0.992574,0.987858,0.987503,0.989097,0.986495,0.989375,0.987998,0.988160,0.989224,0.989258,0.988904,0.985748,0.988640,0.990688
0.983004,0.986949,0.986687,0.985640,0.986062,0.987902,0.985857,0.985799,0.986194,0.986384,0.986415,0.985880,0.986013,0.987386,0.987657,0.984847,0.985435,0.985086,0.988285
0.983652,0.987436,0.985053,0.986593,0.987648,0.986308,0.986403,0.985294,0.984495,0.986551,0.986382,0.985269,0.985070,0.986824,0.986107,0.985801,0.985121,0.986898,0.988059
0.980213,0.985440,0.985534,0.984574,0.985930,0.984497,0.985948,0.982454,0.983857,0.985162,0.985461,0.983245,0.983183,0.985088,0.985178,0.986279,0.979953,0.984807,0.989637
0.981958,0.985634,0.986207,0.986706,0.987648,0.985583,0.985403,0.984600,0.984919,0.984050,0.986941,0.982774,0.983631,0.986109,0.984868,0.984489,0.979170,0.984877,0.986407
0.981808,0.984660,0.985149,0.985023,0.986987,0.984931,0.984902,0.982959,0.985840,0.983717,0.985560,0.983057,0.982971,0.987028,0.986107,0.986517,0.983399,0.983971,0.985356
0.979715,0.984758,0.982121,0.981881,0.982760,0.981381,0.984038,0.981823,0.984990,0.981938,0.983586,0.978068,0.979550,0.982177,0.985126,0.982102,0.980736,0.983413,0.983103
0.978768,0.983151,0.981785,0.983228,0.982958,0.981708,0.983993,0.982075,0.982300,0.983161,0.981777,0.980374,0.979338,0.984015,0.982699,0.983057,0.982302,0.983692,0.983178
0.978618,0.982323,0.982554,0.982050,0.983222,0.982432,0.983038,0.982265,0.983220,0.981827,0.983290,0.980562,0.980918,0.985241,0.982389,0.981267,0.978543,0.982856,0.983554
0.979067,0.984417,0.983179,0.986145,0.985732,0.983990,0.984357,0.984474,0.986902,0.983217,0.984441,0.983857,0.983041,0.984679,0.982802,0.984489,0.977290,0.985644,0.986557
0.980213,0.983443,0.980824,0.981938,0.984015,0.982178,0.983220,0.983842,0.984707,0.981772,0.982402,0.981268,0.981791,0.983504,0.983732,0.982341,0.979953,0.983901,0.985356
0.978618,0.980911,0.978421,0.980928,0.982760,0.979498,0.982219,0.979803,0.983645,0.981049,0.980527,0.979527,0.978654,0.980849,0.982337,0.982938,0.981676,0.982926,0.981151
0.976525,0.981154,0.978997,0.981096,0.982099,0.978158,0.983083,0.980308,0.982512,0.981327,0.980560,0.978538,0.978348,0.982738,0.980375,0.981506,0.985435,0.980417,0.981075
0.976176,0.983053,0.982602,0.984237,0.983883,0.982396,0.982083,0.981949,0.983503,0.982828,0.982566,0.979574,0.982310,0.983760,0.984352,0.983176,0.980579,0.981532,0.985131
0.978419,0.983638,0.983996,0.982891,0.985138,0.984605,0.982901,0.982706,0.984990,0.982439,0.982270,0.982021,0.982027,0.986364,0.982441,0.983296,0.976038,0.981532,0.984980
0.977273,0.983394,0.982362,0.981994,0.984345,0.982178,0.982401,0.982012,0.983362,0.982327,0.981909,0.980609,0.982051,0.983402,0.983938,0.981506,0.978700,0.982159,0.985281
0.977871,0.983297,0.981112,0.981264,0.983684,0.981599,0.981992,0.981128,0.982512,0.980938,0.981645,0.978679,0.981225,0.982994,0.981201,0.984012,0.977447,0.981950,0.985731
0.978768,0.984758,0.982554,0.982218,0.984147,0.983193,0.983038,0.983401,0.982583,0.982883,0.981185,0.981692,0.982711,0.983300,0.982957,0.982580,0.980736,0.982089,0.987384
0.981958,0.987339,0.985149,0.984854,0.986327,0.984388,0.982992,0.986178,0.984565,0.986607,0.985593,0.985410,0.989174,0.984628,0.987708,0.986756,0.983242,0.985086,0.989036
0.984699,0.986413,0.985341,0.987042,0.984015,0.987032,0.985493,0.988576,0.986264,0.986329,0.985527,0.987151,0.990212,0.984730,0.988277,0.988904,0.989976,0.985644,0.986182
0.989533,0.987436,0.985774,0.988220,0.985336,0.985185,0.987403,0.990470,0.990300,0.987551,0.985593,0.986822,0.988867,0.983453,0.988638,0.991529,0.998904,0.987386,0.986332
0.987091,0.986852,0.985486,0.988837,0.987384,0.985475,0.988404,0.984600,0.986477,0.987274,0.983783,0.985551,0.989103,0.984117,0.989671,0.988188,0.994048,0.986619,0.989637
0.982955,0.987728,0.988514,0.988669,0.989497,0.987684,0.986767,0.986115,0.987256,0.986329,0.984277,0.988281,0.989999,0.985956,0.989051,0.988904,0.982615,0.987247,0.990162
0.982805,0.984953,0.985005,0.985696,0.985732,0.986127,0.984402,0.982959,0.984353,0.984995,0.984014,0.985174,0.987641,0.984934,0.985591,0.984489,0.982929,0.984807,0.988435
0.981908,0.984806,0.982362,0.981938,0.983751,0.981708,0.981764,0.981318,0.981946,0.981383,0.980428,0.980091,0.982287,0.982279,0.984042,0.984370,0.981363,0.982995,0.983779
0.977323,0.979742,0.979478,0.977786,0.981769,0.980259,0.979582,0.978225,0.980671,0.978715,0.978553,0.977220,0.978749,0.980083,0.980995,0.980671,0.981832,0.979371,0.982277
0.979516,0.981154,0.979911,0.980255,0.981835,0.981418,0.980446,0.978856,0.979680,0.977826,0.980198,0.978209,0.979079,0.979470,0.980633,0.978881,0.975724,0.980765,0.982803
0.976974,0.981300,0.981256,0.982106,0.982033,0.982359,0.979536,0.978351,0.980600,0.980049,0.980691,0.978726,0.980871,0.981819,0.981614,0.981387,0.975568,0.981392,0.983779
0.977422,0.981300,0.980487,0.983116,0.983024,0.982215,0.980719,0.980308,0.979963,0.980327,0.980757,0.979903,0.982027,0.982790,0.983164,0.982938,0.974941,0.978884,0.984605
0.975528,0.981787,0.978997,0.979357,0.981703,0.978049,0.979218,0.977594,0.980600,0.977937,0.977895,0.976703,0.979220,0.980849,0.980013,0.980671,0.977917,0.979859,0.981826
0.974232,0.976333,0.976546,0.977113,0.977079,0.977977,0.977763,0.974060,0.976777,0.976548,0.978290,0.974443,0.975423,0.977682,0.977380,0.979597,0.974941,0.979859,0.981526
0.973385,0.980375,0.977796,0.977001,0.980910,0.978230,0.978081,0.974880,0.978547,0.976603,0.976646,0.974867,0.976862,0.977631,0.978619,0.979358,0.973218,0.978814,0.979874
0.973086,0.977891,0.978709,0.979245,0.979193,0.980766,0.978672,0.977783,0.978335,0.977548,0.978817,0.977550,0.980093,0.979827,0.979703,0.978523,0.971965,0.979441,0.981151
0.974930,0.980813,0.979815,0.979525,0.980118,0.979281,0.979536,0.977594,0.978760,0.979438,0.978685,0.977832,0.979857,0.981768,0.981563,0.979835,0.974785,0.980068,0.981826
0.976924,0.976723,0.974432,0.978740,0.977674,0.975369,0.979127,0.976016,0.981167,0.977381,0.976514,0.974020,0.976555,0.978397,0.978516,0.979000,0.980110,0.979999,0.979198
0.975628,0.976918,0.974768,0.976048,0.978730,0.973702,0.977353,0.976206,0.978476,0.976881,0.976317,0.973361,0.975140,0.976916,0.977431,0.980551,0.978387,0.976862,0.978822
0.971591,0.977064,0.976642,0.977674,0.976947,0.977651,0.977308,0.976016,0.978264,0.975547,0.975823,0.975714,0.977097,0.978193,0.976811,0.978523,0.973218,0.976932,0.980024
0.971043,0.976820,0.977700,0.978235,0.980910,0.979100,0.978627,0.978162,0.977414,0.977770,0.976119,0.976985,0.978961,0.979112,0.980426,0.975898,0.972592,0.976305,0.980925
0.973335,0.977940,0.975825,0.978291,0.980712,0.978846,0.977990,0.977973,0.978406,0.978215,0.978192,0.976891,0.979716,0.980849,0.978774,0.979597,0.975881,0.980765,0.982202
0.973335,0.977258,0.975681,0.976833,0.979787,0.976854,0.977353,0.977026,0.978406,0.976381,0.975429,0.975761,0.977239,0.976610,0.980013,0.978881,0.974785,0.976653,0.981075
0.971940,0.979255,0.975777,0.979245,0.977806,0.977578,0.977308,0.976332,0.978618,0.976048,0.976218,0.976514,0.978041,0.978040,0.979084,0.980909,0.974785,0.978396,0.980475
0.971192,0.978037,0.978084,0.978347,0.978466,0.978266,0.977217,0.975890,0.976352,0.976381,0.977303,0.975950,0.978583,0.976763,0.978154,0.975301,0.970869,0.976723,0.981826
0.972289,0.977258,0.977940,0.978516,0.980382,0.977506,0.976808,0.978225,0.977556,0.976548,0.977632,0.977644,0.979550,0.977887,0.979187,0.979597,0.973375,0.977072,0.982878
0.974382,0.976869,0.978229,0.980030,0.978268,0.976926,0.978445,0.979614,0.979538,0.977937,0.977468,0.978256,0.980706,0.976763,0.980840,0.980909,0.979640,0.977072,0.984830
0.978369,0.977453,0.979718,0.980086,0.980712,0.980331,0.979991,0.982896,0.977910,0.980660,0.977600,0.978773,0.981886,0.978142,0.981718,0.981387,0.982772,0.979720,0.984905
0.981061,0.980862,0.982170,0.982667,0.983420,0.982613,0.981810,0.982138,0.981875,0.981494,0.979507,0.982539,0.985942,0.980542,0.984558,0.983654,0.986687,0.980556,0.985731
0.981160,0.980326,0.979959,0.981825,0.983618,0.982070,0.982356,0.980371,0.980742,0.980660,0.980461,0.981315,0.983843,0.980185,0.983319,0.985443,0.985748,0.981811,0.984530
0.977572,0.979109,0.978421,0.980872,0.981703,0.979172,0.980355,0.978667,0.978830,0.979160,0.977369,0.979291,0.981225,0.980696,0.982750,0.982818,0.983399,0.979093,0.984755
0.975578,0.974580,0.974047,0.974701,0.977806,0.975079,0.976216,0.976584,0.977485,0.975714,0.975527,0.973549,0.976107,0.975640,0.978361,0.980671,0.981206,0.977699,0.980324
0.973385,0.975457,0.974287,0.974477,0.974569,0.972507,0.975443,0.973807,0.976706,0.973602,0.973554,0.972984,0.975281,0.975078,0.975675,0.976375,0.979326,0.977978,0.980174
0.972388,0.976723,0.974720,0.974196,0.976815,0.976274,0.975352,0.973996,0.975007,0.974936,0.974639,0.973738,0.975989,0.974976,0.975572,0.976852,0.973845,0.977699,0.978071
0.973036,0.976625,0.975585,0.975206,0.976551,0.977759,0.975352,0.973681,0.976848,0.973491,0.975494,0.974585,0.975895,0.977070,0.975985,0.978642,0.973375,0.975538,0.979498
0.972438,0.976187,0.973182,0.974701,0.975758,0.974535,0.975216,0.974628,0.975998,0.974380,0.973060,0.973126,0.974833,0.975180,0.975520,0.974108,0.971809,0.975120,0.978898
0.971591,0.972632,0.969770,0.970775,0.972786,0.969500,0.971987,0.971346,0.975503,0.970935,0.971350,0.968560,0.970187,0.971963,0.974849,0.975779,0.975568,0.974284,0.973491
0.969647,0.971366,0.969626,0.968924,0.972389,0.970913,0.971714,0.970273,0.972600,0.969323,0.969573,0.968607,0.970800,0.970328,0.973145,0.971006,0.971652,0.971636,0.975443
0.968002,0.973509,0.972269,0.971728,0.975824,0.973630,0.972169,0.970525,0.972529,0.971657,0.972139,0.970772,0.972758,0.971146,0.974900,0.974347,0.971496,0.974354,0.975068
0.968949,0.974531,0.973999,0.973411,0.973248,0.974608,0.973442,0.973365,0.971467,0.973713,0.972929,0.971808,0.973630,0.974108,0.976915,0.973154,0.969930,0.973657,0.977320
0.969847,0.973070,0.971933,0.971392,0.973182,0.970551,0.973852,0.971219,0.973025,0.970824,0.972402,0.969549,0.971107,0.973188,0.976243,0.974347,0.973375,0.975260,0.974091
0.967205,0.972486,0.969626,0.969821,0.972653,0.970442,0.971987,0.969389,0.974370,0.971935,0.971119,0.968043,0.971059,0.971809,0.973196,0.973154,0.971809,0.973029,0.973941
0.966507,0.971220,0.970971,0.969877,0.972059,0.971312,0.971578,0.970778,0.970547,0.970935,0.971119,0.969407,0.970682,0.971707,0.973093,0.973034,0.965388,0.972820,0.975218
0.965809,0.970976,0.970875,0.971223,0.970408,0.970297,0.971942,0.971219,0.970971,0.969101,0.970264,0.969596,0.971578,0.972371,0.973816,0.973273,0.968520,0.971984,0.974993
0.966707,0.971220,0.969962,0.970494,0.972455,0.969971,0.971669,0.970273,0.970759,0.969879,0.969639,0.969313,0.971673,0.971912,0.975469,0.973750,0.971339,0.971636,0.974166
0.965809,0.970246,0.970347,0.968980,0.971134,0.969790,0.971078,0.971219,0.971325,0.969323,0.968883,0.969031,0.970069,0.970124,0.972886,0.972199,0.971496,0.972054,0.971838
0.966408,0.972048,0.969289,0.971841,0.970936,0.969030,0.970668,0.970588,0.971467,0.970546,0.969935,0.968560,0.970470,0.971248,0.972576,0.972915,0.970869,0.974214,0.974842
0.966507,0.972924,0.971067,0.970887,0.973644,0.970442,0.972306,0.971472,0.972104,0.970712,0.971383,0.969925,0.973206,0.970737,0.976192,0.974824,0.970399,0.973448,0.974542
0.967155,0.972681,0.971548,0.970270,0.974437,0.970515,0.972033,0.971219,0.970759,0.968767,0.971087,0.971055,0.972191,0.973035,0.974900,0.972199,0.969460,0.971078,0.975368
0.967105,0.972730,0.972173,0.970214,0.972852,0.970008,0.972033,0.973050,0.970263,0.970435,0.970429,0.969925,0.971956,0.971554,0.974074,0.975898,0.973688,0.973866,0.976344
0.969747,0.974337,0.975201,0.977450,0.976220,0.973594,0.976035,0.974564,0.981096,0.975103,0.975330,0.979668,0.981838,0.976508,0.979342,0.988546,0.978700,0.976166,0.979799
0.975379,0.986219,0.994473,1.00297,0.990752,0.982613,0.990405,0.984852,1.00312,0.979993,0.979968,1.00014,1.00285,0.986671,0.996127,1.02971,1.00345,0.989477,0.990087
0.980064,1.00945,1.02888,1.02047,1.02008,0.997935,1.01573,1.00789,1.02775,0.987885,0.990560,1.00311,1.00222,0.999183,1.02691,1.05393,1.02146,1.02056,1.01862
0.985995,1.02547,1.03158,1.00724,1.01691,1.00924,1.03051,1.01906,1.03462,0.999778,1.00076,0.997270,0.994929,1.00041,1.04519,1.04319,1.02976,1.02014,1.01712
0.990979,1.02985,1.01677,0.997756,1.00614,1.01119,1.02301,1.00846,1.03434,1.00995,1.00951,0.995811,0.995920,0.999336,1.03853,1.03066,1.02647,1.00397,1.00090
0.993919,1.02372,1.00822,0.995569,0.998679,1.00815,1.01041,0.999116,1.02910,1.01556,1.01122,0.993693,0.993372,0.995966,1.02190,1.02231,1.02099,0.994494,0.992265
0.998854,1.02060,1.01014,0.996017,0.998349,1.00529,1.00628,0.994635,1.02782,1.01634,1.01082,0.992140,0.990825,0.993003,1.01379,1.02124,1.01832,0.985853,0.983103
0.998206,1.02026,1.01033,0.995849,0.999273,1.00489,1.00787,0.994761,1.02641,1.01423,1.00878,0.993411,0.992216,0.995404,1.01012,1.02184,1.01519,0.977768,0.978898
0.993321,1.01402,1.00855,0.994671,0.996697,1.00014,1.00759,0.991669,1.01968,1.00617,1.00365,0.990399,0.989103,0.992646,1.00480,1.01647,1.01112,0.976375,0.977996
0.986942,1.00536,1.00375,0.991193,0.994121,0.993697,1.00146,0.991795,1.01494,0.997944,0.994178,0.988281,0.987263,0.986007,1.00067,1.00835,0.999530,0.973935,0.971989
0.984201,0.996494,0.999423,0.991978,0.990554,0.989749,0.994725,0.986620,1.00432,0.991053,0.989014,0.989457,0.987428,0.982738,0.995817,1.00406,0.995928,0.976862,0.974166
0.977422,0.988020,0.989811,0.987042,0.986459,0.982975,0.986903,0.984095,0.995610,0.985217,0.984211,0.988140,0.986508,0.978449,0.992408,0.996063,0.987471,0.973517,0.974917
0.974332,0.981008,0.984428,0.982891,0.983288,0.980838,0.981764,0.977278,0.987327,0.981605,0.981415,0.985504,0.985659,0.976916,0.987089,0.989142,0.981363,0.972402,0.971763
0.971840,0.978817,0.982314,0.979525,0.977674,0.978556,0.977672,0.976016,0.984282,0.979771,0.979770,0.981268,0.982192,0.975282,0.984920,0.984370,0.979640,0.970939,0.971463
0.969996,0.975992,0.978709,0.978404,0.978334,0.975948,0.975216,0.971535,0.979751,0.978215,0.976580,0.978821,0.978701,0.973699,0.980065,0.979358,0.976038,0.969475,0.971087
0.970644,0.976625,0.977171,0.977282,0.976617,0.976057,0.976262,0.972103,0.979822,0.976159,0.975132,0.976467,0.977522,0.973035,0.978980,0.979000,0.974785,0.970660,0.971838
0.969149,0.973606,0.975393,0.974757,0.975626,0.973231,0.975489,0.972860,0.976565,0.974714,0.973521,0.975055,0.974927,0.970941,0.978877,0.977568,0.971809,0.970730,0.973491
0.969248,0.974337,0.974960,0.975487,0.974767,0.974391,0.976535,0.971661,0.976140,0.974714,0.973915,0.975338,0.976060,0.973495,0.977224,0.978284,0.973218,0.969336,0.971838
0.967853,0.970830,0.973038,0.973692,0.974833,0.971964,0.975807,0.970651,0.975715,0.973158,0.971744,0.971808,0.972875,0.971503,0.975830,0.978881,0.971496,0.968709,0.969961
0.966756,0.972340,0.972894,0.971672,0.973512,0.971384,0.974125,0.969831,0.974157,0.970879,0.971580,0.971384,0.971484,0.969154,0.974023,0.975779,0.968990,0.968848,0.968910
0.964563,0.970392,0.970779,0.971616,0.971861,0.972362,0.972397,0.970146,0.972741,0.969156,0.970461,0.971855,0.970823,0.969103,0.974436,0.974705,0.969146,0.967384,0.973115
0.963317,0.971512,0.971356,0.970102,0.972786,0.971239,0.970987,0.966864,0.970901,0.968990,0.969212,0.969831,0.970753,0.966345,0.971699,0.973512,0.965231,0.965573,0.972214
0.964862,0.970879,0.969289,0.970214,0.970672,0.969356,0.973215,0.966928,0.971255,0.967434,0.967764,0.968607,0.969385,0.969511,0.971699,0.974108,0.967580,0.967594,0.970487
0.962819,0.968931,0.968809,0.969765,0.970870,0.969826,0.970487,0.965476,0.971538,0.968101,0.967731,0.967007,0.968889,0.967366,0.972680,0.971960,0.967110,0.968081,0.970036
0.963517,0.970100,0.969722,0.970494,0.972719,0.968812,0.971442,0.968695,0.972104,0.969823,0.967041,0.969455,0.971389,0.967264,0.975210,0.975421,0.965701,0.968918,0.973415
0.962819,0.969808,0.971212,0.970943,0.970474,0.970116,0.972351,0.970967,0.977485,0.971491,0.968751,0.970019,0.971956,0.969256,0.978567,0.986517,0.976351,0.977281,0.982577
0.964364,0.977599,0.979574,0.978740,0.977211,0.973050,0.981401,0.976079,0.991362,0.973658,0.972600,0.982774,0.984881,0.974414,0.991479,1.01826,0.994205,1.00404,1.00285
0.971740,1.00175,1.00721,0.999046,1.00192,0.988554,1.00568,0.998675,1.00927,0.982883,0.984540,0.991340,0.992594,0.982892,1.01684,1.04116,1.01363,1.01373,1.00916
0.983951,1.01427,1.01769,1.00275,1.00317,0.999638,1.02001,1.00776,1.01883,1.00083,0.997928,0.991622,0.991532,0.985803,1.03052,1.03818,1.01879,1.00369,0.996320
0.994518,1.01899,1.01451,0.998934,1.00020,1.00442,1.01846,1.00303,1.02407,1.01473,1.00783,0.989316,0.990235,0.985854,1.02314,1.03102,1.02177,0.993449,0.993467
1.00040,1.01695,1.00692,0.992988,0.994385,1.00127,1.01228,0.995961,1.02542,1.02156,1.00859,0.988563,0.987051,0.986109,1.01079,1.02219,1.02036,0.985086,0.986557
1.00399,1.01115,1.00312,0.988949,0.992007,0.998587,1.00391,0.989902,1.02351,1.01706,1.00668,0.984092,0.982617,0.985649,1.00279,1.01790,1.01848,0.971984,0.977771
1.00309,1.01105,1.00111,0.989847,0.991941,0.995617,1.00350,0.986998,1.01990,1.01028,1.00234,0.982915,0.981815,0.984730,0.999019,1.01647,1.01206,0.970102,0.972064
0.997159,1.00545,0.998943,0.990183,0.991347,0.994168,1.00291,0.986872,1.01692,1.00289,0.997698,0.984421,0.984032,0.983913,0.996953,1.01026,1.00673,0.970033,0.971989
0.990730,0.999854,0.998606,0.991586,0.991611,0.988517,0.997362,0.984726,1.00878,0.998944,0.993717,0.983621,0.985565,0.982126,0.993493,1.00585,0.995928,0.969196,0.970261
0.983303,0.988020,0.991157,0.987042,0.986525,0.982613,0.987449,0.978351,0.999080,0.990108,0.985099,0.980515,0.982003,0.977529,0.986727,1.00095,0.991386,0.966688,0.968384
0.976725,0.979693,0.987072,0.984911,0.980910,0.977361,0.978809,0.974817,0.989380,0.985217,0.979803,0.977550,0.980046,0.970890,0.981976,0.991409,0.982146,0.966409,0.970036
0.972837,0.973655,0.979670,0.981489,0.978334,0.975224,0.976717,0.971219,0.981804,0.978604,0.977895,0.976656,0.979244,0.968694,0.977741,0.983892,0.975098,0.966269,0.965756
0.970345,0.974288,0.979959,0.979301,0.976352,0.974898,0.974943,0.970904,0.977697,0.978215,0.976218,0.976561,0.978159,0.970482,0.977431,0.980313,0.975254,0.965503,0.968985
0.970295,0.971999,0.974768,0.975767,0.973710,0.971456,0.973261,0.968695,0.977485,0.976103,0.974902,0.974114,0.976060,0.968490,0.976088,0.981148,0.976194,0.967245,0.967182
0.967604,0.967178,0.971644,0.971728,0.971134,0.968305,0.971396,0.967622,0.973449,0.972491,0.972106,0.970443,0.971295,0.966907,0.972680,0.976972,0.972592,0.966200,0.965005
0.966557,0.968055,0.969578,0.971504,0.970143,0.968559,0.971305,0.966675,0.973166,0.972769,0.970823,0.970396,0.971861,0.968132,0.972008,0.977807,0.971809,0.966130,0.966206
0.966906,0.968931,0.969289,0.970887,0.970540,0.967834,0.970941,0.966928,0.973520,0.971213,0.970330,0.969549,0.971059,0.969818,0.972576,0.977210,0.972905,0.964248,0.966206
0.967404,0.972583,0.971644,0.970438,0.970143,0.969030,0.969486,0.964340,0.973095,0.970046,0.969639,0.969219,0.972026,0.968592,0.973971,0.973989,0.971339,0.966618,0.967182
0.964613,0.966302,0.968040,0.968699,0.967831,0.966132,0.970259,0.964592,0.970901,0.967434,0.967633,0.965407,0.967521,0.965630,0.971957,0.972438,0.973532,0.966966,0.965005
0.962470,0.963818,0.966117,0.966343,0.968294,0.965914,0.968531,0.964719,0.969485,0.966100,0.965692,0.964748,0.966436,0.965119,0.969478,0.971364,0.969303,0.963900,0.963202
0.960676,0.965863,0.965877,0.968475,0.965850,0.965914,0.968940,0.963204,0.969697,0.966322,0.966712,0.965454,0.968017,0.964353,0.971182,0.970767,0.968363,0.963412,0.967333
0.960875,0.968152,0.968088,0.969989,0.969285,0.967327,0.970032,0.965034,0.972458,0.967767,0.967995,0.965925,0.969620,0.965324,0.971699,0.970648,0.966954,0.964109,0.967107
0.962420,0.967470,0.969193,0.969821,0.968822,0.968269,0.968577,0.965665,0.970830,0.970324,0.967962,0.967760,0.970281,0.968490,0.972008,0.970887,0.966171,0.966130,0.970487
0.963965,0.966496,0.965925,0.966792,0.964463,0.962618,0.969850,0.966296,0.973803,0.967156,0.964968,0.962348,0.966413,0.965017,0.974023,0.973034,0.973532,0.965573,0.968008
0.962669,0.966642,0.965108,0.968699,0.965255,0.962220,0.969623,0.968190,0.974653,0.967656,0.966317,0.964089,0.968795,0.965783,0.976811,0.981029,0.975568,0.969615,0.974692
0.961573,0.968688,0.970779,0.968924,0.969483,0.966096,0.971987,0.966801,0.980388,0.969156,0.966580,0.973926,0.977239,0.970175,0.982957,1.00036,0.981519,0.993519,0.992415
0.966856,0.988654,0.993944,0.992371,0.991413,0.981309,0.992269,0.984474,0.997805,0.978159,0.977698,0.988516,0.993608,0.979572,1.00547,1.03329,1.00125,1.00704,1.00894
0.979167,1.00565,1.01259,1.00123,1.00218,0.991886,1.01032,1.00107,1.01260,0.990163,0.990494,0.989175,0.993938,0.983964,1.02391,1.04379,1.01770,1.00474,1.00098
0.985247,1.01110,1.01192,0.998990,0.996631,0.996305,1.01751,1.00328,1.01813,1.00295,0.995954,0.986398,0.988160,0.982790,1.02350,1.03603,1.02114,0.990522,0.990162
0.991278,1.01471,1.00865,0.994783,0.993989,1.00029,1.01355,0.998043,1.02039,1.01312,1.00260,0.984374,0.986839,0.984015,1.01565,1.02768,1.01660,0.979999,0.982127
0.996611,1.01115,1.00500,0.989230,0.991545,1.00033,1.00587,0.991795,1.01982,1.01417,1.00293,0.981645,0.984008,0.983709,1.00775,1.02243,1.01566,0.970590,0.975518
0.996611,1.00959,1.00327,0.990296,0.992866,0.999058,1.00409,0.990407,1.01791,1.01123,1.00194,0.983904,0.985824,0.984781,1.00217,1.02088,1.00830,0.965433,0.973265
0.992773,1.00511,0.998606,0.987771,0.989299,0.992248,1.00246,0.987503,1.01720,1.00622,0.993980,0.980138,0.981437,0.982023,0.997108,1.01444,1.00971,0.966409,0.966882
0.984699,0.996445,0.994906,0.985920,0.985534,0.986199,0.996771,0.983274,1.00623,0.994720,0.987040,0.978020,0.980659,0.975895,0.991479,1.00692,0.999687,0.964248,0.966281
0.980662,0.988264,0.995338,0.985471,0.986327,0.982323,0.988677,0.978919,0.995610,0.987051,0.980757,0.981456,0.979975,0.973954,0.989619,0.999642,0.986687,0.964318,0.966882
0.973485,0.979401,0.989763,0.984630,0.980316,0.976673,0.980082,0.972419,0.987114,0.980994,0.977534,0.976373,0.979338,0.969665,0.983680,0.992364,0.979326,0.962227,0.964103
0.970395,0.974142,0.983227,0.983957,0.979391,0.974282,0.976353,0.970336,0.982300,0.975547,0.975757,0.976703,0.978819,0.967520,0.981821,0.988188,0.973688,0.962994,0.966056
0.968451,0.968249,0.974384,0.975374,0.971597,0.968522,0.972260,0.965791,0.976352,0.973769,0.970461,0.970255,0.971272,0.964711,0.976192,0.980432,0.976507,0.963621,0.962902
0.964813,0.967909,0.971692,0.973692,0.969549,0.967653,0.969031,0.964719,0.973945,0.971657,0.968060,0.969407,0.971248,0.963791,0.973816,0.979000,0.971965,0.959579,0.964329
0.964264,0.968249,0.970875,0.972121,0.971134,0.967508,0.971351,0.966991,0.972387,0.971435,0.969277,0.970302,0.969974,0.967009,0.973661,0.977926,0.967267,0.962227,0.964629
0.964314,0.968395,0.971356,0.968755,0.970474,0.968269,0.970259,0.965160,0.971325,0.970990,0.967271,0.968937,0.969786,0.965783,0.972215,0.974347,0.968833,0.962715,0.965305
0.965162,0.967957,0.969049,0.969821,0.969417,0.966313,0.969759,0.964529,0.969626,0.969990,0.967172,0.967148,0.969054,0.965272,0.971337,0.973870,0.970243,0.961809,0.964103
0.961673,0.963087,0.965348,0.964548,0.964066,0.962075,0.968850,0.963456,0.970405,0.968378,0.964409,0.963148,0.964431,0.962566,0.968961,0.971841,0.970399,0.961182,0.962226
0.959579,0.964159,0.963810,0.964380,0.964264,0.961785,0.966212,0.962257,0.968139,0.966600,0.962995,0.962301,0.963936,0.961544,0.969994,0.971006,0.967737,0.961530,0.960424
0.959629,0.963380,0.962753,0.964268,0.965453,0.961350,0.966075,0.962383,0.968777,0.965211,0.962830,0.960795,0.963653,0.961544,0.969684,0.970767,0.963978,0.960555,0.962526
0.959978,0.964548,0.965733,0.964324,0.964595,0.962401,0.967121,0.960490,0.965661,0.964766,0.963949,0.962159,0.965045,0.962004,0.969891,0.967904,0.963821,0.960903,0.962526
0.959380,0.963720,0.963762,0.964043,0.962679,0.959865,0.966166,0.961310,0.969272,0.965822,0.963981,0.960324,0.964384,0.960983,0.968342,0.971125,0.966327,0.960555,0.961024
0.957536,0.962698,0.960302,0.962641,0.960698,0.958597,0.965939,0.959732,0.967998,0.964710,0.961284,0.957218,0.960799,0.961136,0.969168,0.970529,0.970399,0.960903,0.961926
0.958981,0.961140,0.962417,0.963202,0.961358,0.960952,0.966849,0.960932,0.969980,0.965377,0.961613,0.959430,0.962662,0.961442,0.973300,0.969455,0.966797,0.959091,0.962977
0.957935,0.962552,0.960879,0.960453,0.961820,0.959431,0.965484,0.960805,0.970122,0.965600,0.960791,0.960230,0.963016,0.962310,0.972783,0.974466,0.968050,0.964179,0.969736
0.959579,0.965620,0.965685,0.964380,0.965519,0.961278,0.970123,0.961878,0.977131,0.965711,0.962337,0.967901,0.971790,0.964915,0.978154,0.994989,0.980423,0.986828,0.986482
0.963268,0.978378,0.983275,0.981601,0.981174,0.969356,0.984129,0.976079,0.993911,0.970768,0.969113,0.981080,0.984008,0.970839,0.996488,1.02530,1.00078,1.00411,1.00113
0.970146,0.994156,1.00284,0.994839,0.992668,0.980295,1.00209,0.993878,1.00496,0.983828,0.979639,0.981645,0.985872,0.974057,1.01245,1.03687,1.01754,0.998188,0.995569
0.978070,1.00336,1.00764,0.994334,0.990951,0.989133,1.01132,0.995834,1.01395,0.997721,0.988981,0.980138,0.984103,0.978449,1.01885,1.03448,1.01535,0.988222,0.987609
0.987440,1.00618,1.00413,0.990576,0.989629,0.994494,1.01014,0.994067,1.01607,1.00923,0.994671,0.980986,0.983159,0.977938,1.01332,1.02720,1.01190,0.975469,0.979048
0.992823,1.00823,1.00115,0.988445,0.987780,0.994023,1.00573,0.987251,1.01777,1.01195,0.996020,0.977785,0.979338,0.979368,1.00568,1.02064,1.01629,0.968360,0.968309
0.992873,1.00453,0.997453,0.984069,0.984279,0.991198,1.00127,0.983274,1.01614,1.00845,0.994408,0.975997,0.976932,0.977580,0.997986,1.01802,1.01284,0.964945,0.964704
0.991278,1.00054,0.993608,0.984630,0.985072,0.987539,0.999500,0.983022,1.01211,1.00306,0.990428,0.975385,0.978277,0.977427,0.992925,1.01229,1.00705,0.961391,0.962301
0.985197,0.997029,0.993416,0.985584,0.983817,0.984605,0.997544,0.978919,1.00538,0.995276,0.986218,0.976326,0.978984,0.976763,0.989929,1.00728,0.997494,0.962855,0.965230
0.976675,0.989384,0.991830,0.984911,0.983486,0.982939,0.988495,0.977657,0.994761,0.989997,0.980626,0.978162,0.980329,0.972575,0.986521,0.995943,0.983555,0.960415,0.963352
0.973385,0.977989,0.986831,0.983116,0.980514,0.978339,0.981992,0.969515,0.987327,0.981716,0.976152,0.974349,0.975942,0.967877,0.981976,0.992602,0.981519,0.961879,0.962451
0.968102,0.971609,0.980295,0.980479,0.975956,0.971638,0.974125,0.965413,0.978972,0.976048,0.972830,0.971102,0.973512,0.965221,0.977070,0.984966,0.977604,0.960415,0.959823
0.966408,0.967714,0.974672,0.976216,0.970275,0.968559,0.970168,0.963582,0.974582,0.974047,0.969672,0.968466,0.970588,0.965170,0.974900,0.979119,0.974628,0.959091,0.961175
0.964962,0.966350,0.973374,0.972345,0.971134,0.968052,0.969259,0.962825,0.973025,0.972157,0.967369,0.967666,0.968913,0.965170,0.972008,0.978165,0.973062,0.960624,0.962902
0.962620,0.966350,0.970250,0.971616,0.969351,0.968052,0.970214,0.963835,0.970334,0.968934,0.967896,0.966395,0.968559,0.964455,0.970356,0.976017,0.970243,0.961949,0.961775
0.963068,0.965279,0.968040,0.968924,0.969681,0.965190,0.970668,0.962446,0.973025,0.967823,0.966975,0.965783,0.968465,0.964813,0.969065,0.974705,0.966484,0.959928,0.962902
0.961673,0.964402,0.964964,0.965334,0.967171,0.961966,0.967394,0.959417,0.969343,0.966656,0.963817,0.961971,0.966200,0.961953,0.968187,0.973512,0.968833,0.958952,0.960874
0.958433,0.963526,0.963666,0.964212,0.965057,0.960952,0.967576,0.959228,0.967219,0.965377,0.961514,0.961218,0.964314,0.960625,0.966896,0.972796,0.967737,0.958464,0.962076
0.956938,0.963526,0.964627,0.963314,0.966048,0.963198,0.966621,0.958849,0.966228,0.964099,0.962830,0.961971,0.964691,0.961442,0.966947,0.971602,0.966641,0.958534,0.960273
0.955393,0.963526,0.964868,0.964436,0.964793,0.963270,0.967895,0.958975,0.964882,0.964766,0.962666,0.961030,0.964007,0.961800,0.966637,0.968739,0.963508,0.956373,0.960724
0.956938,0.962065,0.963089,0.961912,0.963406,0.962510,0.966621,0.957586,0.966015,0.964044,0.961942,0.960559,0.963087,0.961595,0.965863,0.966830,0.962725,0.957279,0.960424
0.954595,0.959873,0.961696,0.959556,0.961226,0.957438,0.965621,0.954936,0.963254,0.963099,0.958817,0.958771,0.960445,0.958787,0.965450,0.965756,0.967110,0.953795,0.957720
0.954346,0.962503,0.961888,0.960341,0.963009,0.960590,0.965894,0.956766,0.963679,0.963154,0.960495,0.958394,0.961389,0.959399,0.966844,0.967307,0.964448,0.957279,0.958771
0.955492,0.961140,0.961119,0.960173,0.959442,0.957764,0.965894,0.957334,0.965874,0.963821,0.960265,0.956559,0.960610,0.958582,0.968806,0.969932,0.964604,0.956304,0.960048
0.956439,0.962552,0.962417,0.961575,0.961358,0.959467,0.966348,0.958407,0.967785,0.965877,0.962699,0.959571,0.963087,0.961544,0.971905,0.973631,0.966954,0.956791,0.963728
0.959330,0.962552,0.962945,0.962024,0.963009,0.961821,0.969759,0.960616,0.971396,0.968879,0.963093,0.962724,0.968418,0.963434,0.977586,0.982102,0.974471,0.959231,0.962451
0.962071,0.962552,0.963714,0.963931,0.965189,0.963162,0.970668,0.960805,0.976282,0.967600,0.964508,0.971149,0.974078,0.965579,0.980530,0.991648,0.982146,0.961182,0.965981
0.966408,0.967519,0.967703,0.968307,0.970540,0.966059,0.974307,0.964466,0.979822,0.970712,0.966547,0.977362,0.980801,0.969154,0.983215,0.999046,0.982146,0.965154,0.965831
0.963417,0.965474,0.965444,0.964829,0.966576,0.964647,0.970805,0.960995,0.975715,0.967434,0.964475,0.972043,0.977923,0.966294,0.979135,0.992006,0.980579,0.961112,0.965906
0.959679,0.965133,0.966117,0.963707,0.963406,0.962510,0.968759,0.962131,0.972246,0.967489,0.964014,0.970161,0.973654,0.964711,0.974384,0.985324,0.974785,0.958394,0.962301
0.957436,0.961091,0.960975,0.959444,0.960962,0.959684,0.965030,0.957018,0.967856,0.965044,0.961449,0.964654,0.966318,0.960165,0.971389,0.977091,0.970399,0.955258,0.959748
0.955293,0.959338,0.957851,0.958153,0.960433,0.956823,0.965030,0.955945,0.966582,0.961709,0.958422,0.960183,0.963748,0.958889,0.970407,0.972676,0.965701,0.954701,0.958396
0.957885,0.959922,0.956601,0.957424,0.958452,0.955374,0.964393,0.955819,0.964953,0.962765,0.958982,0.955853,0.961860,0.959910,0.969271,0.971722,0.968207,0.955398,0.957194
0.954944,0.956952,0.955592,0.955573,0.956074,0.955482,0.963438,0.953358,0.960210,0.959876,0.957501,0.957829,0.959007,0.957459,0.969013,0.968142,0.965544,0.953446,0.957795
0.955941,0.959240,0.957034,0.955629,0.958782,0.957873,0.963711,0.955251,0.963820,0.960654,0.957436,0.957924,0.960115,0.957612,0.969271,0.966711,0.962725,0.955189,0.959372
0.953449,0.957633,0.954679,0.955349,0.957065,0.954323,0.960891,0.952600,0.964599,0.959431,0.957567,0.954958,0.957733,0.956488,0.969478,0.966949,0.963508,0.952401,0.954040
0.953250,0.956124,0.955304,0.955293,0.955017,0.955627,0.959936,0.952095,0.961980,0.957597,0.955594,0.955476,0.956884,0.957255,0.968135,0.965756,0.964604,0.952680,0.957044
0.952652,0.957049,0.953862,0.955349,0.956668,0.954758,0.961392,0.950454,0.961413,0.958597,0.956186,0.953782,0.955822,0.955314,0.967205,0.963608,0.966171,0.952471,0.953965
0.950957,0.956465,0.954823,0.954676,0.953960,0.953309,0.960573,0.952474,0.962121,0.959153,0.955133,0.954205,0.955799,0.953833,0.966431,0.964801,0.960532,0.952610,0.955016
0.952103,0.957585,0.954102,0.955124,0.955083,0.953744,0.961301,0.954620,0.961767,0.958820,0.956811,0.955476,0.956648,0.954905,0.967567,0.966353,0.966014,0.954770,0.954190
0.953200,0.954517,0.953910,0.954844,0.954554,0.953635,0.960846,0.952222,0.961272,0.957764,0.955495,0.953452,0.955539,0.955620,0.966121,0.966114,0.962725,0.952052,0.953965
0.951356,0.956221,0.954102,0.954451,0.956206,0.955410,0.959618,0.952600,0.960210,0.959264,0.956153,0.954441,0.956978,0.956386,0.967773,0.964563,0.961629,0.951983,0.954716
0.950957,0.954809,0.952324,0.952768,0.953960,0.954033,0.961255,0.951212,0.960493,0.957708,0.955232,0.952558,0.954761,0.954088,0.965966,0.963966,0.962725,0.952540,0.954641
0.951057,0.956611,0.952180,0.953946,0.956008,0.955120,0.959391,0.950518,0.959431,0.959153,0.956120,0.954347,0.955917,0.955978,0.966896,0.965517,0.959749,0.952610,0.953139
0.951904,0.956708,0.953237,0.953049,0.954554,0.955917,0.961619,0.953610,0.959572,0.958486,0.955265,0.953217,0.956671,0.955825,0.968393,0.963728,0.962568,0.951913,0.954791
0.951605,0.955880,0.952035,0.951983,0.952837,0.953309,0.960573,0.952411,0.960210,0.957486,0.953390,0.952652,0.955044,0.955978,0.967257,0.965756,0.960219,0.953028,0.953665
0.951655,0.954906,0.953525,0.954788,0.953498,0.953852,0.959163,0.952600,0.960210,0.956652,0.954146,0.952134,0.956931,0.955671,0.966018,0.964563,0.960063,0.950519,0.954341
0.949312,0.955929,0.954054,0.953273,0.955876,0.952766,0.958436,0.951654,0.959360,0.956152,0.953620,0.952276,0.956058,0.956591,0.966018,0.967068,0.959280,0.952749,0.954641
0.950359,0.954273,0.954198,0.952768,0.955479,0.953092,0.959618,0.954872,0.959360,0.957486,0.955988,0.953641,0.956129,0.954854,0.968445,0.965040,0.959593,0.951913,0.956218
0.952353,0.956562,0.954775,0.955405,0.955611,0.954396,0.960482,0.954305,0.962050,0.957708,0.955133,0.952935,0.958393,0.955263,0.968393,0.968023,0.961472,0.954143,0.954791
0.954446,0.958120,0.957562,0.958602,0.957725,0.956460,0.962938,0.955630,0.963396,0.961987,0.958028,0.957735,0.963299,0.958480,0.970304,0.970409,0.962882,0.956095,0.960123
0.958483,0.957536,0.958668,0.960397,0.959971,0.958235,0.963483,0.958723,0.963466,0.962599,0.959047,0.958206,0.964219,0.958633,0.971699,0.968620,0.964135,0.957349,0.961175
0.961723,0.960020,0.961167,0.961239,0.961886,0.959938,0.965484,0.959985,0.963891,0.964433,0.960363,0.961877,0.967262,0.960676,0.975210,0.971483,0.968833,0.957976,0.964329
0.960427,0.957244,0.959917,0.958939,0.958716,0.956171,0.962938,0.956640,0.964812,0.961487,0.958126,0.957170,0.961790,0.957714,0.972680,0.969335,0.966641,0.956931,0.961400
0.955144,0.955637,0.956409,0.954619,0.956932,0.955048,0.961255,0.953989,0.960280,0.959042,0.955462,0.955429,0.957992,0.956540,0.971079,0.966949,0.963352,0.955676,0.958922
0.953250,0.956952,0.955352,0.954956,0.954290,0.956243,0.959254,0.952159,0.960493,0.958764,0.955890,0.955570,0.958700,0.958123,0.968497,0.963966,0.960532,0.955676,0.958922
0.952602,0.953397,0.954054,0.952656,0.954158,0.953997,0.958345,0.950959,0.959997,0.955874,0.953324,0.951758,0.956294,0.956029,0.967309,0.963847,0.962099,0.953446,0.958396
0.950259,0.955978,0.952372,0.952993,0.952243,0.953961,0.958572,0.951780,0.960918,0.957152,0.954311,0.952746,0.956176,0.956948,0.966999,0.963728,0.958966,0.950380,0.956969
0.949063,0.953251,0.951362,0.949290,0.951450,0.953381,0.957390,0.949634,0.957236,0.955152,0.952107,0.947663,0.952615,0.953271,0.964468,0.962773,0.962725,0.949753,0.951862
0.946571,0.954760,0.952516,0.950412,0.951450,0.953019,0.956890,0.947930,0.955961,0.953985,0.952929,0.949499,0.953346,0.954497,0.963384,0.961103,0.955677,0.948568,0.952238
0.947119,0.954809,0.953766,0.953329,0.955810,0.954830,0.957799,0.949823,0.955749,0.955096,0.953291,0.951146,0.954973,0.955365,0.964933,0.961103,0.956460,0.951146,0.953665
0.947319,0.955004,0.951170,0.949066,0.950129,0.951932,0.956526,0.948309,0.958015,0.953373,0.952403,0.950770,0.953417,0.954190,0.963332,0.963847,0.955834,0.948707,0.953289
0.946222,0.954030,0.951987,0.949234,0.952969,0.951353,0.957481,0.948877,0.957944,0.953707,0.952337,0.948369,0.951883,0.954803,0.965553,0.960745,0.957870,0.950101,0.951637
0.947269,0.951400,0.948046,0.948842,0.949865,0.947260,0.955525,0.946541,0.957590,0.951651,0.950298,0.946157,0.948982,0.951024,0.962816,0.959432,0.956930,0.948498,0.949835
0.946920,0.953884,0.949488,0.950300,0.953762,0.951498,0.954661,0.948750,0.954970,0.952262,0.950166,0.948416,0.951600,0.952250,0.962248,0.960148,0.954581,0.949125,0.954040
0.947667,0.954614,0.950882,0.951590,0.950657,0.951824,0.956116,0.947930,0.957236,0.953429,0.951679,0.950675,0.953652,0.952863,0.965036,0.960983,0.957244,0.949613,0.953064
0.947468,0.951449,0.950017,0.949908,0.952573,0.950085,0.955207,0.948750,0.956528,0.952373,0.951350,0.949781,0.952567,0.952811,0.963332,0.957642,0.956774,0.948150,0.951187
0.946073,0.952131,0.950113,0.948281,0.951318,0.949071,0.955070,0.947804,0.955041,0.952040,0.950791,0.948652,0.951365,0.952505,0.963332,0.958478,0.959593,0.947941,0.953890
0.944727,0.949744,0.948431,0.948337,0.948742,0.947115,0.951342,0.946983,0.952634,0.950150,0.950133,0.946298,0.949831,0.950360,0.962661,0.958716,0.956460,0.946826,0.950811
0.946073,0.951011,0.949584,0.948112,0.950723,0.948636,0.953252,0.947930,0.953696,0.949817,0.949146,0.947851,0.950964,0.949900,0.962919,0.958478,0.954268,0.947662,0.952163
