Det0.000000,Det0.000000,Det0.000000,Det0.000000,Det0.000000,Det0.000000,Det0.000000,Det0.000000,Det0.000000,Det0.000000,Det0.000000,Det0.000000,Det0.000000,Det0.000000,Det0.000000,Det0.000000,Det0.000000,Det0.000000,Det0.000000
0.994868,0.998422,0.998106,0.997505,1.00055,0.999635,0.997392,0.998200,0.996302,0.997970,0.998209,0.996585,0.996034,0.998200,0.997754,0.994130,0.989078,0.999519,0.997367
0.998266,1.00316,1.00372,1.00257,1.00562,1.00303,0.999153,0.998020,0.999300,0.998620,1.00155,1.00147,1.00173,1.00125,0.999348,0.996814,0.988423,1.00010,1.00229
0.998474,1.00246,1.00223,1.00094,1.00387,1.00282,1.00072,1.00099,1.00050,0.999919,1.00155,1.00074,1.00090,1.00104,0.999855,0.999497,0.991918,1.00096,1.00206
0.995215,0.998927,0.997295,0.997583,0.999262,0.997963,0.997458,0.997479,0.997701,0.998376,0.997677,0.994776,0.995501,0.999585,0.996667,0.997317,0.991481,0.998941,0.996108
0.993828,0.998800,0.997768,0.997193,0.998617,0.997389,0.997327,0.998920,0.994902,0.995778,0.996999,0.994843,0.994467,0.998961,0.995507,0.997149,0.992355,0.996824,0.997367
0.999168,1.00259,1.00216,1.00281,1.00332,1.00350,0.999935,1.00171,1.00010,1.00130,1.00208,1.00141,1.00167,1.00339,1.00043,1.00352,0.994539,1.00183,1.00584
1.00506,1.00448,1.00453,1.00561,1.00562,1.00569,1.00404,1.00540,1.00530,1.00438,1.00561,1.00737,1.00640,1.00499,1.00543,1.00587,1.00633,1.00423,1.00927
1.00596,1.00152,1.00311,1.00343,1.00166,1.00225,1.00528,1.00585,1.00640,1.00544,1.00344,1.00402,1.00333,1.00429,1.00783,1.00788,1.01573,1.00308,1.00389
1.00097,0.997917,0.998106,0.997037,0.997234,0.996501,1.00137,1.00216,1.00170,1.00000,0.998596,0.998861,0.998367,0.996954,1.00203,1.00285,1.00677,0.999326,1.00069
0.999306,0.999242,0.999730,0.999298,0.999539,0.999008,0.998044,0.998560,0.998101,0.998863,0.998258,0.997120,0.998867,0.997854,0.998768,0.997652,0.999345,0.998653,0.999313
0.998960,1.00133,1.00027,1.00086,1.00083,1.00266,0.999544,0.998740,0.997501,0.997727,1.00000,0.998995,1.00017,0.998961,0.997101,0.996311,0.992792,1.00019,0.999199
0.995561,0.997664,0.996618,0.997661,0.997234,0.996762,0.997327,0.996579,0.997201,0.996428,0.997241,0.994107,0.993834,0.997092,0.996159,0.995807,0.993665,0.998557,0.993475
0.993134,0.993434,0.993575,0.991110,0.992808,0.994047,0.994198,0.993159,0.995102,0.993505,0.993320,0.990222,0.989201,0.992592,0.992391,0.992621,0.988860,0.996055,0.989468
0.991331,0.993497,0.993304,0.992826,0.993823,0.994203,0.993677,0.992349,0.991403,0.992449,0.992982,0.990691,0.989001,0.993907,0.990652,0.989938,0.983836,0.993553,0.990040
0.993966,0.997538,0.996010,0.999142,0.998064,0.998590,0.994589,0.994329,0.993303,0.994236,0.995208,0.995245,0.992867,0.995292,0.992391,0.993292,0.984054,0.995862,0.994390
0.995631,0.996591,0.996957,0.997505,0.996036,0.997232,0.995697,0.995679,0.996901,0.994642,0.995402,0.993370,0.993234,0.996400,0.993913,0.994130,0.988423,0.996728,0.989697
0.993134,0.993245,0.991614,0.992358,0.991426,0.991540,0.994654,0.992259,0.994102,0.992125,0.993369,0.989754,0.988268,0.992384,0.991304,0.991280,0.987768,0.995670,0.989124
0.990568,0.990151,0.991073,0.990331,0.992255,0.992846,0.991199,0.990278,0.990904,0.991232,0.991772,0.988950,0.986735,0.990653,0.989710,0.990441,0.981433,0.994419,0.987865
0.989597,0.995770,0.994589,0.993294,0.995575,0.997023,0.993546,0.992169,0.990604,0.992855,0.995595,0.993236,0.991901,0.993561,0.991956,0.991615,0.979685,0.994707,0.989582
0.993273,0.998232,0.996010,0.997973,0.999723,1.00010,0.995632,0.994689,0.993203,0.995859,0.996805,0.995915,0.995134,0.996123,0.992826,0.992453,0.981214,0.996632,0.992444
0.992302,0.994444,0.992222,0.992358,0.993177,0.994308,0.995437,0.993249,0.994202,0.992774,0.994434,0.990356,0.989801,0.991345,0.990725,0.994801,0.986020,0.996247,0.987293
0.987794,0.990530,0.990396,0.988771,0.988660,0.990234,0.991591,0.988568,0.990004,0.989851,0.990029,0.985802,0.984735,0.990099,0.988116,0.988764,0.981870,0.991147,0.986720
0.989736,0.992866,0.993169,0.991968,0.993362,0.993002,0.990287,0.991898,0.988605,0.990339,0.992352,0.990557,0.989201,0.991691,0.989058,0.989267,0.982088,0.994130,0.989010
0.991816,0.996022,0.995469,0.998050,0.998156,0.998016,0.994263,0.994149,0.991903,0.993505,0.995547,0.995245,0.995400,0.994115,0.990217,0.989603,0.980559,0.993938,0.994161
0.991608,0.996212,0.994860,0.996257,0.997695,0.997128,0.994654,0.994599,0.994402,0.992531,0.995305,0.992566,0.992201,0.995430,0.992391,0.992621,0.983399,0.995862,0.990613
0.988626,0.989646,0.989044,0.989473,0.988936,0.989712,0.990613,0.989378,0.990804,0.988877,0.990997,0.985601,0.984735,0.988922,0.988985,0.990609,0.985146,0.993264,0.985232
0.985644,0.990151,0.989788,0.990097,0.990688,0.990600,0.989765,0.991628,0.987205,0.988471,0.990319,0.986070,0.985435,0.988437,0.987754,0.988764,0.978593,0.992494,0.985117
0.990499,0.995454,0.994048,0.995477,0.995759,0.996031,0.991004,0.993159,0.990704,0.991232,0.994192,0.992499,0.992434,0.993907,0.989493,0.990441,0.980122,0.995092,0.989697
0.990846,0.998043,0.995875,0.999298,0.997879,0.997754,0.995241,0.993429,0.994302,0.992612,0.995111,0.994308,0.995067,0.995984,0.992899,0.993124,0.984054,0.996343,0.991872
0.988279,0.993181,0.991614,0.993372,0.993085,0.990757,0.993807,0.991808,0.992703,0.990907,0.993224,0.988280,0.988268,0.991484,0.989927,0.992957,0.989952,0.995477,0.990842
0.988834,0.991477,0.992222,0.990409,0.990319,0.990496,0.992308,0.990728,0.991403,0.990582,0.991094,0.987477,0.988268,0.991622,0.989275,0.990106,0.986675,0.992590,0.993131
0.992995,0.995391,0.995672,0.994853,0.996957,0.996658,0.994328,0.996669,0.993902,0.994723,0.994869,0.996183,0.996367,0.995430,0.995797,0.998323,0.994758,0.996536,0.996795
1.00007,0.999684,1.00081,1.00351,1.00101,1.00428,0.999674,1.00099,0.998800,0.999594,1.00087,1.00214,1.00583,0.998546,1.00297,1.00419,1.00328,0.999615,1.00366
0.998890,0.998548,0.997836,0.998440,0.996220,0.997389,1.00020,0.998560,1.00280,0.998295,0.998645,0.997857,1.00180,0.996884,1.00174,1.00520,1.00677,0.999038,0.998054
0.991123,0.991035,0.990396,0.991422,0.989950,0.990861,0.993937,0.993249,0.993802,0.992125,0.991336,0.989151,0.990568,0.991414,0.991956,0.996814,0.997379,0.993553,0.991757
0.988349,0.991098,0.992966,0.991656,0.993546,0.993629,0.989830,0.992709,0.990004,0.991313,0.991481,0.990289,0.991301,0.991207,0.990797,0.992621,0.987331,0.993072,0.988895
0.988904,0.995139,0.994387,0.993138,0.995113,0.997598,0.989830,0.992439,0.992603,0.991394,0.994772,0.993705,0.993267,0.992107,0.990507,0.992453,0.983399,0.993938,0.993017
0.990915,0.995454,0.992696,0.996569,0.994652,0.994882,0.992242,0.991628,0.992803,0.991475,0.993611,0.991428,0.991867,0.993007,0.990870,0.988764,0.986020,0.993938,0.991299
0.986892,0.990340,0.989517,0.991032,0.990227,0.989503,0.988592,0.990188,0.992903,0.987659,0.988771,0.986807,0.986468,0.989891,0.988333,0.990944,0.986894,0.992109,0.987178
0.984673,0.989835,0.989314,0.988849,0.990043,0.988459,0.986767,0.987578,0.990004,0.988146,0.989109,0.986137,0.984768,0.988022,0.985580,0.987926,0.981433,0.990377,0.984774
0.984465,0.992929,0.990937,0.991734,0.993546,0.992376,0.987614,0.989018,0.989104,0.988634,0.990029,0.987878,0.987368,0.989614,0.987754,0.987758,0.976190,0.991051,0.989124
0.987100,0.992424,0.991005,0.994230,0.995021,0.992689,0.989570,0.991178,0.990104,0.990663,0.992546,0.989887,0.991201,0.992315,0.989638,0.990609,0.977064,0.992206,0.990384
0.984881,0.989835,0.988841,0.989317,0.988383,0.988720,0.987158,0.988208,0.987805,0.988634,0.988771,0.984061,0.984935,0.990237,0.986667,0.991112,0.982525,0.989704,0.985003
0.981275,0.986868,0.987082,0.985106,0.986539,0.985743,0.985398,0.988298,0.985606,0.984818,0.987028,0.982923,0.981635,0.987953,0.983985,0.987926,0.979685,0.988645,0.983858
0.981968,0.991035,0.987218,0.987289,0.990503,0.988772,0.984876,0.987308,0.985906,0.987091,0.988432,0.985802,0.984002,0.988991,0.983985,0.984404,0.977719,0.990666,0.986033
0.984812,0.991982,0.990261,0.992904,0.993546,0.991540,0.986897,0.989558,0.989804,0.988309,0.991384,0.990423,0.989534,0.992245,0.985725,0.990609,0.975535,0.990473,0.989239
0.984396,0.991287,0.989314,0.990253,0.991333,0.988825,0.987093,0.989558,0.988904,0.989121,0.989109,0.986271,0.985335,0.990445,0.987681,0.989435,0.982088,0.990666,0.987865
0.981691,0.986742,0.983836,0.986821,0.986170,0.984908,0.985202,0.985687,0.987405,0.986279,0.985963,0.983257,0.981235,0.986706,0.983478,0.986249,0.981433,0.989800,0.985461
0.980789,0.986489,0.986406,0.984404,0.987369,0.985691,0.984159,0.987038,0.985606,0.986766,0.985915,0.982722,0.982202,0.988991,0.984130,0.986081,0.980341,0.989126,0.982828
0.982731,0.991414,0.990667,0.990954,0.989120,0.990913,0.985789,0.990008,0.988205,0.987172,0.988674,0.987677,0.986568,0.990653,0.984855,0.986752,0.977938,0.990473,0.987750
0.982662,0.989141,0.988300,0.990565,0.990503,0.989347,0.985984,0.989198,0.988605,0.987740,0.988238,0.987075,0.987501,0.990030,0.987754,0.988764,0.975972,0.990762,0.986949
0.982523,0.987247,0.985662,0.985886,0.988383,0.984333,0.985463,0.986677,0.987505,0.986117,0.985673,0.982722,0.982902,0.989199,0.986522,0.987087,0.979030,0.989415,0.982255
0.979888,0.985731,0.984107,0.985262,0.986908,0.984072,0.983246,0.987128,0.985306,0.985792,0.983785,0.980980,0.981202,0.986360,0.983913,0.986752,0.981651,0.986528,0.982370
0.981413,0.990088,0.987015,0.988303,0.990503,0.987937,0.982986,0.987488,0.985706,0.986604,0.987125,0.984396,0.985535,0.987329,0.986522,0.985745,0.979685,0.989415,0.987979
0.981830,0.991161,0.989044,0.992124,0.992532,0.988981,0.987093,0.987488,0.985206,0.987578,0.988432,0.987008,0.988601,0.988507,0.987536,0.989435,0.979030,0.989319,0.990155
0.984673,0.991477,0.988706,0.992592,0.990596,0.988877,0.987158,0.989828,0.989204,0.989933,0.988916,0.986740,0.988135,0.990307,0.990942,0.989938,0.987331,0.991340,0.989582
0.985436,0.989267,0.987285,0.989473,0.986447,0.986161,0.987419,0.991898,0.989604,0.989445,0.987464,0.986271,0.988301,0.988299,0.991884,0.993292,0.993447,0.991051,0.991986
0.987655,0.992298,0.989314,0.990409,0.992716,0.990443,0.989309,0.993879,0.993303,0.990014,0.990562,0.991495,0.994134,0.989753,0.996377,0.996814,0.997597,0.992783,0.995879
0.989112,0.993750,0.990870,0.993684,0.992163,0.992584,0.990743,0.994509,0.993203,0.993261,0.990465,0.993035,0.996467,0.991345,0.995870,0.997317,0.996068,0.993456,0.997939
0.985852,0.990656,0.990126,0.991578,0.989674,0.990548,0.988657,0.990458,0.990804,0.991556,0.989013,0.990021,0.992101,0.989960,0.993696,0.994801,0.989952,0.992590,0.994963
0.982454,0.985921,0.983701,0.985340,0.984142,0.984177,0.985267,0.986407,0.987105,0.985954,0.984317,0.981918,0.982935,0.986014,0.987246,0.991447,0.989952,0.988934,0.986377
0.980165,0.984090,0.983295,0.982845,0.984418,0.982976,0.983181,0.986047,0.982607,0.984006,0.981994,0.980512,0.981935,0.982621,0.984710,0.984236,0.981651,0.986817,0.983057
0.982592,0.988509,0.986609,0.986821,0.987461,0.985534,0.983377,0.985417,0.984506,0.983519,0.985431,0.984530,0.984335,0.985945,0.986667,0.987758,0.978593,0.986817,0.985003
0.981483,0.986868,0.986271,0.987211,0.988936,0.986213,0.985072,0.984967,0.982507,0.985954,0.985673,0.983257,0.986535,0.985737,0.985797,0.985913,0.979467,0.988645,0.985461
0.981136,0.986931,0.983295,0.986198,0.985617,0.982036,0.982920,0.984787,0.985206,0.985142,0.983446,0.983458,0.982568,0.986291,0.985580,0.987590,0.979685,0.988549,0.985575
0.979472,0.982448,0.980657,0.981909,0.981837,0.979947,0.980182,0.981727,0.980908,0.981408,0.980010,0.978034,0.978069,0.983868,0.982101,0.982559,0.981651,0.983641,0.980424
0.979333,0.984911,0.982822,0.982455,0.984695,0.982401,0.979661,0.984337,0.981607,0.981732,0.983301,0.981114,0.981502,0.983314,0.982754,0.982056,0.976846,0.985373,0.982370
0.980443,0.986615,0.984851,0.986276,0.985893,0.985065,0.982008,0.985417,0.982607,0.984574,0.984317,0.983190,0.984435,0.985045,0.984493,0.984572,0.974880,0.987683,0.983973
0.979610,0.984974,0.983363,0.985184,0.985801,0.983080,0.983116,0.986137,0.984306,0.983032,0.984995,0.981449,0.984102,0.985668,0.985580,0.986249,0.976190,0.986913,0.983515
0.978709,0.983964,0.980454,0.982455,0.980454,0.980365,0.982399,0.983977,0.982807,0.984493,0.982478,0.978436,0.979802,0.984768,0.984275,0.985242,0.982307,0.985566,0.980309
0.978501,0.983395,0.980860,0.981051,0.982021,0.980730,0.981486,0.983527,0.981707,0.982463,0.981268,0.977096,0.979102,0.981167,0.983188,0.982559,0.977501,0.985181,0.980653
0.979541,0.985479,0.982686,0.981753,0.984510,0.983446,0.982073,0.982807,0.982607,0.984168,0.982333,0.980512,0.982102,0.981652,0.982319,0.982056,0.975317,0.986336,0.982370
0.978847,0.985731,0.985865,0.985964,0.985433,0.985221,0.982203,0.984787,0.983307,0.984574,0.984656,0.984798,0.984968,0.984975,0.983623,0.983230,0.975754,0.985855,0.984888
0.981205,0.985479,0.984512,0.983468,0.986262,0.983080,0.983312,0.983167,0.982907,0.982788,0.981655,0.981918,0.982602,0.984283,0.983406,0.984739,0.977938,0.987009,0.984659
0.978847,0.984216,0.981063,0.980739,0.982574,0.981827,0.982334,0.982717,0.984106,0.981895,0.981655,0.979842,0.979802,0.983106,0.982754,0.985578,0.977719,0.987683,0.981797
0.978639,0.984090,0.980657,0.981441,0.981837,0.981827,0.980052,0.983617,0.981807,0.982220,0.982236,0.979708,0.980969,0.983798,0.982681,0.985242,0.975972,0.984604,0.981339
0.978986,0.985921,0.982822,0.985964,0.985433,0.984438,0.982594,0.985237,0.981807,0.982788,0.984705,0.982655,0.983868,0.985391,0.983551,0.983901,0.976627,0.986239,0.985232
0.978917,0.985100,0.983430,0.985106,0.986078,0.984177,0.982464,0.984517,0.983806,0.983356,0.983688,0.981315,0.983135,0.985114,0.985435,0.983398,0.975972,0.986721,0.983858
0.977738,0.985100,0.983363,0.982299,0.984326,0.982244,0.981486,0.982357,0.981607,0.981814,0.982672,0.980646,0.981968,0.984075,0.982391,0.983062,0.971822,0.985566,0.983744
0.977946,0.983648,0.982280,0.981519,0.982943,0.982401,0.982138,0.981366,0.981607,0.982463,0.982333,0.981114,0.981335,0.983106,0.984058,0.983733,0.977064,0.984122,0.982713
0.979263,0.985795,0.983633,0.982689,0.985709,0.983863,0.983116,0.984697,0.983307,0.981489,0.983640,0.981918,0.984502,0.983452,0.984493,0.986081,0.977501,0.985855,0.987293
0.983286,0.988257,0.985527,0.988225,0.988567,0.987467,0.986636,0.986587,0.988305,0.986360,0.986883,0.987008,0.988968,0.985875,0.988985,0.990441,0.989515,0.988068,0.991070
0.986476,0.987815,0.986203,0.986042,0.987645,0.987571,0.988201,0.989378,0.990504,0.988796,0.987657,0.987677,0.991168,0.986083,0.992101,0.993963,0.995194,0.990089,0.992444
0.985297,0.986237,0.982416,0.985340,0.982759,0.983863,0.985463,0.988118,0.988005,0.985873,0.985140,0.985400,0.988135,0.984283,0.990072,0.993963,0.994102,0.987683,0.988094
0.982800,0.985163,0.980793,0.981129,0.982759,0.981983,0.983898,0.985777,0.985106,0.981651,0.982720,0.982320,0.983335,0.982344,0.985000,0.985913,0.987331,0.985566,0.986720
0.981760,0.982764,0.981875,0.982611,0.983957,0.982140,0.981682,0.984877,0.983007,0.982544,0.983108,0.981985,0.984035,0.982414,0.983841,0.984068,0.982088,0.984796,0.986033
0.981205,0.983522,0.981942,0.982767,0.983681,0.981305,0.982725,0.984067,0.985706,0.983600,0.982381,0.981047,0.982102,0.981721,0.984565,0.984404,0.979904,0.984700,0.983286
0.981275,0.981375,0.980725,0.980115,0.981191,0.979216,0.981877,0.983077,0.982307,0.982057,0.979477,0.978503,0.979702,0.980890,0.981667,0.981721,0.979249,0.984315,0.981339
0.978154,0.981249,0.979237,0.976528,0.978886,0.977858,0.978618,0.979116,0.979408,0.979703,0.978751,0.976694,0.977102,0.980198,0.978696,0.981050,0.976409,0.982198,0.979279
0.977252,0.981249,0.978899,0.978868,0.981099,0.979999,0.979400,0.978306,0.982007,0.978079,0.979961,0.979775,0.979635,0.979921,0.979275,0.979541,0.973132,0.982679,0.978592
0.978223,0.982953,0.978696,0.980817,0.982021,0.980521,0.979205,0.980646,0.979608,0.980433,0.980639,0.979909,0.979302,0.980406,0.979348,0.981218,0.973132,0.981813,0.980996
0.979541,0.981880,0.979778,0.979336,0.981099,0.980365,0.980052,0.981456,0.981807,0.979378,0.979622,0.977565,0.980235,0.980129,0.978043,0.980044,0.973788,0.983353,0.979393
0.976975,0.979355,0.976532,0.977464,0.975752,0.976918,0.979270,0.981907,0.981507,0.978160,0.978606,0.974283,0.975902,0.979436,0.977754,0.982056,0.977719,0.982775,0.975615
0.974964,0.979292,0.976938,0.977230,0.977872,0.977336,0.978096,0.978756,0.978209,0.978485,0.978170,0.975422,0.976202,0.978467,0.978188,0.978199,0.974880,0.980370,0.977676
0.975310,0.981817,0.979711,0.977698,0.981099,0.980678,0.978357,0.979926,0.978109,0.978891,0.981704,0.979574,0.979702,0.979090,0.979928,0.981553,0.970730,0.981620,0.979393
0.978847,0.982385,0.980725,0.980583,0.982666,0.981566,0.981160,0.981006,0.981308,0.980352,0.981752,0.979909,0.980469,0.980544,0.981232,0.982391,0.972477,0.983353,0.979508
0.977807,0.981501,0.979034,0.978790,0.980269,0.980051,0.980443,0.980106,0.980208,0.980028,0.980736,0.978034,0.979335,0.978744,0.981594,0.983062,0.974880,0.982583,0.979050
0.974062,0.978092,0.976599,0.975203,0.977227,0.977283,0.978488,0.977946,0.979608,0.978160,0.978122,0.976293,0.975336,0.977152,0.978623,0.979205,0.973351,0.980081,0.975730
0.975172,0.980996,0.978831,0.977230,0.976950,0.978223,0.977053,0.978756,0.980508,0.978810,0.979090,0.976895,0.977969,0.979575,0.978841,0.978702,0.972040,0.980370,0.977104
0.976489,0.981943,0.978426,0.979336,0.979532,0.979059,0.978488,0.981006,0.980508,0.979134,0.979429,0.976560,0.977536,0.979021,0.977899,0.980379,0.972477,0.981524,0.978821
0.976975,0.980996,0.978967,0.979881,0.979347,0.980051,0.980313,0.978576,0.979808,0.978647,0.981268,0.977833,0.979002,0.979090,0.980942,0.980211,0.973132,0.982679,0.978821
0.975935,0.977650,0.978020,0.976840,0.976674,0.977806,0.978292,0.977856,0.979808,0.978241,0.978316,0.973815,0.976469,0.977913,0.977609,0.978702,0.973132,0.981909,0.976989
0.976073,0.978787,0.977952,0.977776,0.978517,0.978328,0.978096,0.977406,0.979608,0.977917,0.978509,0.974618,0.975969,0.978052,0.978406,0.979541,0.972259,0.979792,0.978706
0.975726,0.980870,0.978899,0.979258,0.980638,0.978955,0.978553,0.976596,0.979808,0.977917,0.979477,0.975824,0.978036,0.978606,0.978841,0.979037,0.970074,0.982583,0.978477
0.979957,0.983837,0.982078,0.983936,0.982851,0.982767,0.983572,0.981997,0.986405,0.983762,0.983591,0.984329,0.986301,0.982344,0.984927,0.990273,0.983617,0.985758,0.983973
0.986892,0.995644,0.992696,1.00764,0.995667,0.988929,0.993351,0.989108,1.00650,0.990988,0.990465,1.01447,1.01397,0.995015,1.00000,1.02717,1.01048,0.994900,0.987178
0.993758,1.02513,1.02895,1.04585,1.03061,1.00266,1.01793,1.00972,1.03529,0.996509,0.995547,1.02317,1.02343,1.00900,1.02674,1.07748,1.04041,1.02367,1.01420
1.00173,1.05947,1.06026,1.06168,1.05901,1.02157,1.04472,1.04420,1.05198,1.00503,1.00682,1.02471,1.02240,1.01821,1.06239,1.09542,1.05657,1.04503,1.03961
1.00777,1.07412,1.06729,1.05435,1.05882,1.03149,1.05228,1.05626,1.05548,1.01396,1.01612,1.02270,1.01900,1.01862,1.07746,1.09257,1.05789,1.04378,1.04224
1.01311,1.07482,1.06506,1.04749,1.04859,1.03253,1.04993,1.05743,1.05438,1.02395,1.02391,1.01895,1.01603,1.01835,1.07928,1.08704,1.05417,1.02800,1.02782
1.01491,1.07059,1.05695,1.04203,1.04241,1.03013,1.04348,1.05014,1.05008,1.02679,1.02546,1.01386,1.01017,1.01516,1.07065,1.07765,1.05002,1.00953,1.00595
1.01630,1.06610,1.05181,1.03454,1.03882,1.03086,1.04009,1.04303,1.04558,1.02777,1.02338,1.01293,1.00790,1.01149,1.06232,1.06742,1.03976,0.999615,0.996909
1.01325,1.05758,1.04694,1.03345,1.03356,1.02763,1.03481,1.03610,1.04068,1.02590,1.02081,1.01232,1.00710,1.01253,1.05181,1.06054,1.03779,0.994707,0.991414
1.00506,1.04432,1.03983,1.02737,1.02840,1.01807,1.02686,1.02710,1.03299,1.01421,1.01283,1.00643,1.00340,1.00609,1.04058,1.04746,1.02272,0.991532,0.988552
0.996879,1.02980,1.02868,1.02137,1.02259,1.00862,1.01389,1.01908,1.01979,1.00649,1.00513,1.00616,1.00107,0.998684,1.02928,1.03505,1.01223,0.988934,0.985804
0.992094,1.01357,1.01353,1.01201,1.01355,0.999791,1.00359,1.01008,1.01150,0.998295,0.997628,1.00234,0.999267,0.994253,1.02130,1.02247,1.00240,0.986432,0.982026
0.988071,1.00480,1.00446,1.00764,1.00682,0.997076,0.996480,1.00162,1.00230,0.993424,0.993853,1.00188,0.997434,0.990307,1.01428,1.01493,0.992792,0.985951,0.985003
0.984257,0.996338,0.997227,1.00047,1.00138,0.991174,0.991591,0.998830,0.997201,0.990907,0.989981,0.995312,0.990734,0.988022,1.00543,1.00721,0.986675,0.984796,0.982828
0.980928,0.989835,0.991546,0.992436,0.994468,0.987310,0.986701,0.993609,0.991603,0.983681,0.984995,0.990691,0.987035,0.982483,0.998696,0.998323,0.982307,0.982198,0.980424
0.979263,0.988194,0.989585,0.991968,0.991702,0.984229,0.983181,0.988748,0.988005,0.981570,0.982139,0.987075,0.983335,0.981306,0.992899,0.996143,0.980996,0.980658,0.977791
0.976975,0.986615,0.989382,0.989161,0.992993,0.985012,0.982986,0.986587,0.986206,0.981002,0.982285,0.985735,0.982202,0.980336,0.990507,0.990441,0.976846,0.982198,0.979622
0.976975,0.986805,0.985459,0.989473,0.990411,0.984594,0.982464,0.987578,0.986305,0.981408,0.981268,0.984262,0.982002,0.981444,0.988913,0.988093,0.979685,0.982198,0.979737
0.975102,0.984595,0.983701,0.985028,0.987000,0.981148,0.981030,0.985417,0.983407,0.979784,0.979913,0.980779,0.980002,0.980613,0.987464,0.987255,0.979904,0.981139,0.979737
0.975241,0.981754,0.982686,0.983390,0.985617,0.979424,0.977901,0.982987,0.983007,0.979297,0.979090,0.979440,0.978136,0.978398,0.984275,0.986249,0.975535,0.979215,0.974013
0.973715,0.982512,0.982619,0.984872,0.985893,0.979163,0.979140,0.981907,0.980908,0.978404,0.978509,0.980779,0.977236,0.979921,0.982754,0.983565,0.974225,0.979503,0.975157
0.975449,0.982512,0.981672,0.985262,0.986539,0.980991,0.980639,0.983257,0.982207,0.979053,0.979574,0.980846,0.980169,0.980060,0.983913,0.983230,0.975535,0.981717,0.979164
0.974548,0.980933,0.980049,0.982845,0.983681,0.979424,0.979400,0.983167,0.980408,0.977835,0.977444,0.979038,0.978769,0.979090,0.981087,0.985242,0.973788,0.981236,0.975844
0.973230,0.982006,0.980049,0.982143,0.983589,0.978589,0.979726,0.979836,0.980108,0.978485,0.977154,0.977766,0.977302,0.979644,0.979275,0.981888,0.975317,0.979503,0.977676
0.974131,0.981123,0.979102,0.980349,0.983404,0.977962,0.981030,0.979116,0.983806,0.981002,0.978606,0.977498,0.978402,0.978606,0.983985,0.987087,0.975535,0.981428,0.974700
0.977738,0.985795,0.985392,0.984638,0.988752,0.983602,0.985658,0.982987,0.987605,0.983356,0.983156,0.985400,0.983202,0.983244,0.989927,0.998658,0.984491,0.991628,0.989811
0.986754,1.00303,0.998986,1.00335,1.00046,0.993002,1.00111,0.993069,1.00800,0.989770,0.989545,1.00435,1.00323,0.995361,1.01014,1.04226,1.01289,1.02127,1.01900
0.996602,1.03662,1.03801,1.03720,1.03411,1.00982,1.03044,1.02250,1.03379,0.999351,1.00063,1.01681,1.01517,1.00769,1.04457,1.07983,1.04281,1.04224,1.03892
1.01130,1.06004,1.05837,1.04749,1.04545,1.02397,1.04772,1.04132,1.04408,1.01380,1.01515,1.01493,1.01390,1.01135,1.06652,1.08670,1.05199,1.04754,1.05014
1.02039,1.06547,1.05816,1.03798,1.04020,1.02857,1.04687,1.04267,1.04528,1.02988,1.02502,1.01346,1.00990,1.01122,1.06746,1.07798,1.05330,1.04013,1.04831
1.02968,1.06516,1.05329,1.03556,1.03531,1.03060,1.04465,1.04294,1.04308,1.04311,1.03248,1.01447,1.01100,1.01170,1.06167,1.07060,1.04653,1.02213,1.03377
1.03308,1.05909,1.04809,1.03337,1.03061,1.02825,1.03761,1.03322,1.04008,1.04896,1.03161,1.00951,1.00637,1.00907,1.05065,1.06356,1.04303,1.00260,1.00973
1.03169,1.05063,1.04403,1.02893,1.02757,1.02439,1.03214,1.02935,1.03639,1.04733,1.02793,1.00656,1.00120,1.00734,1.04043,1.05702,1.03626,0.996632,0.995764
1.02441,1.04432,1.03848,1.02721,1.02591,1.01917,1.02757,1.02133,1.02989,1.04019,1.02333,1.00549,1.00173,1.00568,1.03290,1.05115,1.03167,0.992590,0.991185
1.01720,1.03283,1.03253,1.02324,1.02111,1.01326,1.02119,1.01638,1.02269,1.02874,1.01404,1.00254,1.00090,0.999723,1.02529,1.04461,1.02097,0.989319,0.986491
1.00687,1.01900,1.02205,1.01794,1.01383,1.00418,1.01056,1.00756,1.01489,1.01591,1.00537,1.00087,0.998100,0.993976,1.01652,1.03086,1.01027,0.985951,0.981568
0.996948,1.00511,1.00751,1.01185,1.00507,0.995091,0.999544,1.00018,1.00340,1.00560,0.996902,0.994910,0.994001,0.988922,1.00841,1.01861,1.00197,0.984988,0.981568
0.991192,0.995581,1.00068,1.00390,1.00055,0.989921,0.993025,0.992709,0.994802,0.996671,0.991481,0.991428,0.989734,0.984975,1.00210,1.00805,0.990389,0.981332,0.978477
0.984812,0.990719,0.993237,0.997973,0.994191,0.986631,0.988918,0.989198,0.992103,0.989121,0.986254,0.990892,0.987368,0.982344,0.995435,1.00201,0.984709,0.981236,0.978363
0.983147,0.987373,0.988435,0.994074,0.989858,0.981670,0.984746,0.985327,0.987605,0.984980,0.982865,0.986472,0.983902,0.980821,0.992681,0.998155,0.984491,0.982102,0.976188
0.979125,0.985100,0.985933,0.987913,0.986078,0.980730,0.982073,0.982627,0.987205,0.982950,0.980639,0.983726,0.981169,0.979506,0.987681,0.990776,0.979685,0.979792,0.975730
0.978431,0.982890,0.984783,0.987211,0.986631,0.979007,0.982073,0.981277,0.983607,0.982382,0.978074,0.981851,0.979935,0.977429,0.984203,0.989100,0.977501,0.979600,0.975615
0.977599,0.983395,0.983768,0.987055,0.985893,0.979529,0.981877,0.982627,0.982207,0.981083,0.980252,0.981047,0.979635,0.977844,0.985145,0.985745,0.978375,0.979407,0.975272
0.975380,0.981943,0.981401,0.983780,0.984787,0.978380,0.980704,0.979386,0.980408,0.979540,0.979138,0.979976,0.978469,0.977152,0.981812,0.985075,0.977938,0.978541,0.974700
0.974825,0.980618,0.981266,0.981909,0.981837,0.978223,0.980313,0.979746,0.979808,0.978241,0.977783,0.978703,0.977969,0.976044,0.982464,0.984236,0.976846,0.977386,0.974928
0.975380,0.980428,0.979440,0.984560,0.981468,0.976030,0.978879,0.978666,0.979608,0.978241,0.978364,0.977833,0.977902,0.975213,0.980290,0.982391,0.975098,0.978541,0.974814
0.975518,0.980681,0.979508,0.982845,0.983681,0.978328,0.979791,0.979296,0.979008,0.979053,0.978412,0.978971,0.978036,0.977221,0.981159,0.982056,0.973569,0.979600,0.974356
0.973091,0.981817,0.980252,0.981441,0.979993,0.978014,0.979596,0.976776,0.979708,0.977348,0.977396,0.977230,0.976636,0.975490,0.979493,0.984404,0.973351,0.980273,0.974242
0.975449,0.981312,0.979846,0.980271,0.982205,0.979059,0.980117,0.979656,0.977809,0.978079,0.977299,0.977766,0.977236,0.974728,0.981812,0.984068,0.974225,0.979119,0.976073
0.975796,0.979228,0.981807,0.980895,0.983496,0.978798,0.981356,0.978756,0.982507,0.979946,0.978606,0.979239,0.978702,0.976875,0.982029,0.985242,0.974661,0.979600,0.978592
0.980443,0.984911,0.984174,0.984716,0.985064,0.982297,0.986962,0.981366,0.987505,0.983843,0.983930,0.983726,0.982935,0.981029,0.988551,0.992621,0.981433,0.987875,0.982484
0.984257,0.989330,0.989044,0.990331,0.992163,0.987780,0.993025,0.984607,0.998900,0.985467,0.985431,0.992030,0.992167,0.988507,0.998623,1.01711,0.999126,1.01135,1.00687
0.992094,1.01187,1.01508,1.01482,1.01374,0.999791,1.01141,0.999730,1.01609,0.993505,0.993950,1.00951,1.00780,1.00000,1.02413,1.05987,1.03058,1.03214,1.02942
1.00326,1.03914,1.04410,1.03946,1.03734,1.01530,1.03605,1.01998,1.03449,1.00649,1.00736,1.01232,1.01197,1.00616,1.05362,1.07983,1.04456,1.03859,1.03961
1.01484,1.05367,1.05526,1.03915,1.03421,1.02360,1.04420,1.03151,1.04178,1.02208,1.01975,1.01165,1.01023,1.00886,1.06362,1.07731,1.04893,1.03176,1.03641
1.02330,1.05676,1.05052,1.03072,1.02996,1.02533,1.04211,1.02917,1.03858,1.03451,1.02406,1.00710,1.00517,1.00796,1.06022,1.06842,1.04543,1.01068,1.01900
1.02739,1.05468,1.04640,1.02854,1.02784,1.02538,1.03748,1.02574,1.03549,1.04116,1.02744,1.00630,1.00307,1.00616,1.05232,1.06255,1.03866,0.997017,0.999313
1.02698,1.04811,1.04193,1.02620,1.02342,1.02261,1.03318,1.02223,1.03199,1.03962,1.02309,1.00281,1.00007,1.00554,1.04319,1.05434,1.03539,0.991821,0.989353
1.02157,1.04167,1.03625,1.02324,1.02065,1.01676,1.02777,1.01719,1.02859,1.03386,1.01781,1.00194,0.997967,1.00194,1.03225,1.04779,1.02883,0.989415,0.986148
1.01228,1.03081,1.03070,1.02043,1.01715,1.01003,1.02132,1.01197,1.01909,1.02428,1.01012,0.999397,0.996434,0.998131,1.02587,1.03991,1.01879,0.989030,0.982942
1.00229,1.01787,1.02049,1.01411,1.01079,1.00240,1.01082,1.00234,1.00930,1.01413,1.00160,0.996384,0.993134,0.992038,1.01536,1.02985,1.00371,0.984796,0.979966
0.996671,1.00751,1.01156,1.01177,1.00562,0.996449,1.00124,0.996849,1.00230,1.00430,0.995450,0.994575,0.991767,0.987814,1.00725,1.01711,0.993665,0.983737,0.980996
0.990568,0.996843,1.00108,1.00437,0.998340,0.990130,0.994133,0.992619,0.995702,0.995778,0.989739,0.990758,0.989168,0.984145,1.00181,1.00771,0.988423,0.981332,0.977562
0.985297,0.992487,0.993981,0.997037,0.995759,0.985848,0.989048,0.986137,0.990504,0.990582,0.986641,0.985802,0.986335,0.981721,0.996232,1.00084,0.982525,0.981043,0.978821
0.980720,0.986994,0.988367,0.991032,0.990872,0.983237,0.985984,0.983437,0.986605,0.985548,0.984366,0.982722,0.981669,0.978121,0.988333,0.994634,0.982088,0.979888,0.975844
0.980304,0.983837,0.985595,0.986510,0.987369,0.981252,0.983051,0.981186,0.983207,0.982869,0.980784,0.980512,0.977636,0.976667,0.985145,0.989435,0.974006,0.979119,0.973898
0.977114,0.981438,0.982889,0.985340,0.986354,0.979216,0.982008,0.980466,0.981108,0.981083,0.979816,0.979909,0.976202,0.976252,0.982029,0.988261,0.973569,0.977098,0.972295
0.977044,0.981817,0.982619,0.982143,0.984695,0.978432,0.981812,0.979386,0.980508,0.978972,0.979671,0.979105,0.977236,0.975490,0.981449,0.985075,0.972914,0.977290,0.973784
0.975588,0.982196,0.982280,0.985574,0.985156,0.978955,0.982594,0.979566,0.979708,0.979784,0.979429,0.979306,0.977502,0.976459,0.981522,0.986416,0.975754,0.977675,0.974585
0.975241,0.979418,0.979711,0.981051,0.981283,0.977440,0.980052,0.977676,0.979308,0.977917,0.977541,0.975623,0.975169,0.976736,0.979928,0.984404,0.974880,0.976232,0.975157
0.973646,0.979860,0.979643,0.979959,0.980362,0.975873,0.979205,0.977136,0.978609,0.977511,0.977686,0.974752,0.974069,0.973828,0.979420,0.983230,0.972040,0.977098,0.972066
0.973091,0.978913,0.977884,0.980739,0.979808,0.976187,0.979205,0.975335,0.977109,0.977592,0.977348,0.976225,0.972936,0.974797,0.979710,0.982056,0.970730,0.975269,0.973211
0.972606,0.979228,0.978696,0.979803,0.980546,0.977544,0.979987,0.977226,0.978009,0.977105,0.976670,0.977900,0.974603,0.975074,0.979638,0.982224,0.971822,0.975847,0.973326
0.973022,0.977840,0.979575,0.979648,0.979901,0.976135,0.980117,0.977856,0.978209,0.976049,0.976476,0.976225,0.975269,0.976252,0.979928,0.981553,0.972477,0.976520,0.973898
0.972883,0.979039,0.977546,0.979492,0.979347,0.976135,0.981160,0.976506,0.978609,0.977673,0.976718,0.975221,0.972303,0.974659,0.978261,0.985745,0.974225,0.977579,0.974814
0.975172,0.979923,0.979643,0.980037,0.978979,0.977179,0.983572,0.977676,0.982607,0.979134,0.978509,0.976025,0.974369,0.977082,0.983841,0.988932,0.979685,0.982486,0.979279
0.980720,0.985731,0.985392,0.984794,0.984879,0.981879,0.990808,0.981277,0.991304,0.982544,0.983156,0.984731,0.984168,0.984629,0.992536,1.00956,0.992355,1.00462,0.998741
0.988626,1.00417,1.00555,1.00522,1.00544,0.993002,1.00574,0.993879,1.00940,0.989851,0.989497,1.00221,1.00073,0.996261,1.01623,1.04679,1.02075,1.02473,1.02450
0.997365,1.02753,1.03551,1.02909,1.02351,1.00684,1.02849,1.01035,1.02599,1.00049,1.00106,1.00757,1.00470,1.00339,1.04239,1.06909,1.03692,1.03041,1.03240
1.00811,1.04180,1.04443,1.02948,1.02628,1.01353,1.03846,1.02115,1.03119,1.01396,1.01075,1.00301,1.00157,1.00208,1.05304,1.06993,1.04347,1.02194,1.02713
1.01803,1.04590,1.04680,1.02643,1.02277,1.01807,1.03657,1.02358,1.03089,1.02850,1.01747,1.00087,0.998733,1.00374,1.05326,1.06088,1.03670,1.00279,1.00859
1.02351,1.04729,1.04261,1.02503,1.02250,1.02016,1.03501,1.02025,1.03279,1.03727,1.02236,0.999397,0.997234,1.00242,1.04877,1.05568,1.03451,0.992975,0.991414
1.02337,1.04192,1.03706,1.01996,1.01881,1.01786,1.03188,1.01791,1.02809,1.03775,1.02057,0.998661,0.995467,1.00055,1.03964,1.04947,1.03255,0.988934,0.985232
1.01935,1.03447,1.02915,1.01677,1.01365,1.01175,1.02725,1.01089,1.02199,1.03093,1.01409,0.994910,0.990601,0.998546,1.02920,1.04159,1.02687,0.985277,0.981797
1.00909,1.02538,1.02313,1.00990,1.00885,1.00439,1.01930,1.00459,1.01389,1.02111,1.00576,0.992298,0.988368,0.994253,1.01783,1.03354,1.01485,0.981909,0.978821
1.00236,1.01692,1.01928,1.01146,1.00867,0.999948,1.01219,1.00072,1.00720,1.01218,1.00116,0.992097,0.988468,0.989407,1.01225,1.02314,1.00066,0.980466,0.980195
0.995492,1.00467,1.01129,1.00780,1.00295,0.994621,1.00104,0.993429,0.999200,1.00146,0.994047,0.990423,0.986835,0.987399,1.00493,1.01425,0.995194,0.981332,0.976646
0.987933,0.994570,1.00034,0.999688,0.996681,0.988616,0.993416,0.990008,0.992203,0.994723,0.988287,0.985869,0.982202,0.984906,0.999783,1.00520,0.989734,0.978541,0.976417
0.983078,0.987878,0.991614,0.994230,0.989858,0.982767,0.988853,0.982627,0.986805,0.988146,0.983833,0.981248,0.978069,0.978606,0.994203,0.998155,0.986020,0.975077,0.974242
0.980235,0.985731,0.988232,0.989317,0.986078,0.982140,0.985724,0.981907,0.985506,0.984006,0.981946,0.981114,0.976802,0.977013,0.987681,0.990944,0.980996,0.975943,0.973555
0.979818,0.983585,0.987082,0.989785,0.987277,0.982662,0.984681,0.980196,0.983407,0.982382,0.981123,0.979440,0.977969,0.979921,0.986884,0.988596,0.975317,0.978637,0.976531
0.977114,0.981312,0.984039,0.984950,0.985156,0.977492,0.982725,0.979296,0.983407,0.981245,0.979913,0.978503,0.975303,0.977844,0.983623,0.984907,0.974225,0.976039,0.974700
0.974964,0.977840,0.980252,0.981675,0.979439,0.977179,0.983116,0.976056,0.979508,0.978566,0.977202,0.975288,0.972103,0.977082,0.981304,0.982727,0.976190,0.976713,0.973326
0.973299,0.977840,0.979305,0.979803,0.977134,0.975403,0.979791,0.976506,0.976210,0.977998,0.976380,0.974551,0.972136,0.974728,0.978261,0.981218,0.971822,0.973056,0.972982
0.973369,0.978787,0.979711,0.981129,0.978702,0.977022,0.980509,0.977136,0.976809,0.978079,0.975605,0.975355,0.973103,0.977221,0.978768,0.980882,0.968982,0.973634,0.972639
0.973369,0.978281,0.978358,0.981285,0.980730,0.976970,0.981160,0.976956,0.977909,0.976942,0.976960,0.975556,0.974469,0.976875,0.978261,0.980379,0.970511,0.974885,0.973669
0.972328,0.978092,0.978764,0.978634,0.979071,0.974829,0.981421,0.976236,0.977709,0.976780,0.975654,0.975355,0.972203,0.974867,0.977681,0.982895,0.972914,0.973922,0.972066
0.971981,0.977145,0.977073,0.977698,0.977411,0.974046,0.979661,0.974435,0.976409,0.976130,0.974637,0.972810,0.971403,0.975351,0.976667,0.976857,0.973788,0.974692,0.970349
0.971288,0.976387,0.976058,0.977386,0.978241,0.974672,0.979140,0.975335,0.975510,0.975319,0.975460,0.973212,0.972503,0.974659,0.976377,0.977360,0.973132,0.972671,0.974585
0.970872,0.976072,0.976938,0.979024,0.978886,0.975717,0.982269,0.974435,0.977009,0.975237,0.976670,0.972676,0.972603,0.974244,0.979130,0.982391,0.973132,0.974500,0.973326
0.972952,0.977966,0.978967,0.978010,0.978517,0.976291,0.982855,0.975875,0.980008,0.978810,0.977832,0.975087,0.974069,0.975005,0.983116,0.985745,0.976190,0.976617,0.975844
0.976489,0.979923,0.979846,0.980271,0.981099,0.978119,0.984615,0.977046,0.983207,0.979053,0.979042,0.978503,0.977969,0.978952,0.986014,0.990944,0.982962,0.977290,0.979279
0.978847,0.981754,0.981672,0.981909,0.984326,0.979842,0.987875,0.982447,0.987605,0.983762,0.981413,0.984731,0.985501,0.981375,0.993406,1.00587,0.991481,0.977675,0.983744
0.982523,0.984532,0.985256,0.986042,0.987000,0.982349,0.990352,0.984067,0.992203,0.986685,0.984027,0.992566,0.993767,0.982552,0.998696,1.01543,1.00218,0.978637,0.986377
0.979472,0.981691,0.982280,0.983157,0.982482,0.980156,0.987484,0.982267,0.988904,0.984331,0.982236,0.990557,0.991468,0.980683,0.995725,1.00822,0.995850,0.976328,0.982026
0.975172,0.978723,0.980116,0.980115,0.978702,0.977649,0.984615,0.976956,0.984706,0.978323,0.978993,0.985400,0.982702,0.977429,0.990000,0.997149,0.985802,0.974981,0.977104
0.973369,0.977461,0.978426,0.976918,0.976858,0.976030,0.979400,0.975155,0.980308,0.976699,0.976138,0.977431,0.975502,0.975767,0.982536,0.988764,0.978375,0.971998,0.972753
0.971912,0.976703,0.977343,0.976918,0.977042,0.974411,0.978618,0.974975,0.978409,0.975481,0.975169,0.976962,0.974536,0.973759,0.981159,0.985075,0.973351,0.971998,0.973440
0.969970,0.975693,0.974300,0.975515,0.974645,0.972636,0.978879,0.972185,0.975610,0.974831,0.973959,0.972810,0.970970,0.972443,0.980000,0.982391,0.973788,0.971998,0.970693
0.970178,0.974115,0.974841,0.974111,0.973631,0.972061,0.978748,0.971105,0.976609,0.973127,0.972507,0.971471,0.969036,0.973551,0.977464,0.976857,0.971166,0.970266,0.970922
0.968930,0.973610,0.971865,0.972395,0.972801,0.969607,0.976597,0.970204,0.974210,0.971097,0.971539,0.970265,0.968536,0.970782,0.976159,0.978367,0.973788,0.970073,0.970235
0.967474,0.971968,0.973150,0.972941,0.974092,0.971696,0.976336,0.971105,0.975010,0.972639,0.971926,0.971203,0.968736,0.971959,0.976159,0.975348,0.968108,0.970169,0.970120
0.968583,0.973041,0.972947,0.974735,0.974276,0.972375,0.977119,0.972455,0.973810,0.973127,0.973282,0.971337,0.969336,0.972028,0.975870,0.976857,0.967671,0.970362,0.970006
0.966641,0.969695,0.971054,0.969822,0.970957,0.970547,0.975033,0.971735,0.972611,0.970528,0.970281,0.968859,0.966070,0.968635,0.974348,0.972162,0.967671,0.967860,0.968174
0.966919,0.970453,0.969431,0.969822,0.971787,0.970025,0.974446,0.970564,0.971911,0.971422,0.970620,0.967720,0.966203,0.968774,0.976159,0.976187,0.966798,0.968533,0.966686
0.966295,0.970137,0.970310,0.971148,0.971418,0.970025,0.976141,0.969034,0.971911,0.970123,0.971055,0.967184,0.966737,0.969812,0.974710,0.975516,0.966142,0.968052,0.967373
0.966641,0.973736,0.972271,0.973097,0.973446,0.971539,0.976467,0.970294,0.972211,0.971665,0.972023,0.970600,0.970203,0.972166,0.976014,0.974845,0.963740,0.970650,0.968289
0.967682,0.970137,0.971933,0.971460,0.971787,0.969920,0.977510,0.970114,0.971411,0.970691,0.968925,0.968055,0.967070,0.970712,0.976522,0.973503,0.969419,0.969592,0.968975
0.964838,0.969064,0.968754,0.968497,0.969482,0.968197,0.973468,0.967504,0.971911,0.969798,0.968538,0.965979,0.964270,0.968151,0.973406,0.973336,0.965050,0.966128,0.966457
0.966225,0.970768,0.969972,0.969588,0.970681,0.969241,0.974511,0.969754,0.972211,0.969635,0.969022,0.966582,0.965603,0.969258,0.975000,0.974342,0.963521,0.967379,0.967831
0.965046,0.970705,0.970580,0.973097,0.971879,0.968510,0.973077,0.971105,0.971511,0.969717,0.969264,0.968591,0.967503,0.968774,0.974348,0.972665,0.965706,0.969111,0.968861
0.966087,0.974051,0.971933,0.974813,0.972801,0.970547,0.976467,0.972815,0.972011,0.970285,0.971588,0.969595,0.970103,0.972236,0.976812,0.975516,0.966798,0.970169,0.970922
0.963590,0.970074,0.969701,0.968652,0.969113,0.965742,0.974250,0.968674,0.971911,0.969311,0.968732,0.965845,0.962570,0.968289,0.973985,0.972833,0.967671,0.968052,0.965312
0.962827,0.969316,0.969633,0.969432,0.969943,0.968092,0.973142,0.968944,0.970012,0.970366,0.968103,0.966783,0.966537,0.968635,0.974493,0.973000,0.963740,0.966801,0.967831
0.965324,0.971021,0.971054,0.972239,0.972340,0.969555,0.974315,0.969844,0.970812,0.969311,0.969458,0.967385,0.967503,0.970505,0.975000,0.973671,0.965487,0.967186,0.970349
0.966225,0.972852,0.970648,0.972863,0.974092,0.971069,0.975098,0.969844,0.972111,0.970285,0.970716,0.969997,0.970203,0.971266,0.977536,0.972833,0.965269,0.968149,0.971494
0.967474,0.971210,0.971933,0.973409,0.971787,0.968615,0.976597,0.971735,0.975310,0.971909,0.970232,0.969395,0.969270,0.970366,0.977971,0.977528,0.975317,0.971035,0.970578
0.968444,0.972915,0.972542,0.972318,0.970957,0.970181,0.975945,0.973715,0.974610,0.973857,0.970378,0.972006,0.972336,0.970574,0.978188,0.976690,0.973132,0.968533,0.974127
0.971635,0.974935,0.976126,0.976528,0.974645,0.972740,0.977575,0.977586,0.978808,0.976942,0.974056,0.976359,0.977802,0.972790,0.984855,0.981218,0.979467,0.970843,0.978363
0.973091,0.972473,0.975314,0.976762,0.975844,0.974516,0.979596,0.977496,0.978908,0.975237,0.974831,0.975891,0.978269,0.973690,0.984565,0.982895,0.977938,0.970747,0.978363
0.968999,0.973420,0.973421,0.976060,0.974368,0.972531,0.978748,0.974885,0.974910,0.973614,0.973475,0.973413,0.973869,0.972236,0.980362,0.977864,0.977283,0.971901,0.974013
0.966711,0.968559,0.969295,0.968575,0.970035,0.967675,0.975163,0.971105,0.972111,0.971178,0.968441,0.968323,0.967903,0.967528,0.974420,0.974342,0.970074,0.966994,0.969319
0.966225,0.970642,0.968754,0.970680,0.970957,0.970025,0.972164,0.971014,0.971511,0.968986,0.969119,0.968323,0.967437,0.967874,0.975072,0.974174,0.967890,0.967667,0.970578
0.965670,0.970516,0.969904,0.970446,0.970681,0.968928,0.972295,0.970384,0.969612,0.967849,0.969603,0.969863,0.968370,0.969258,0.973116,0.973168,0.963521,0.968052,0.967487
0.966503,0.970831,0.970445,0.971226,0.972156,0.969868,0.973272,0.969214,0.969412,0.968905,0.968683,0.969194,0.968170,0.971613,0.975652,0.972329,0.966361,0.968052,0.969090
0.961995,0.967422,0.968551,0.968263,0.967269,0.964489,0.970795,0.966694,0.968713,0.967281,0.966989,0.964908,0.964104,0.966281,0.972536,0.971491,0.965050,0.965647,0.967487
0.962133,0.967043,0.966928,0.967639,0.968744,0.965533,0.970078,0.969214,0.967813,0.964927,0.966796,0.965912,0.963937,0.967874,0.971087,0.970317,0.964176,0.966416,0.968060
0.963035,0.966791,0.967131,0.969822,0.969482,0.966003,0.970600,0.968494,0.968113,0.967037,0.968151,0.967385,0.966037,0.968358,0.971087,0.970149,0.965487,0.965647,0.967029
0.963867,0.970011,0.967469,0.970290,0.969390,0.967152,0.970209,0.967864,0.968613,0.966144,0.967957,0.967118,0.967270,0.968151,0.971956,0.970317,0.961555,0.967186,0.969204
0.962758,0.965654,0.964358,0.968185,0.966255,0.962505,0.970013,0.967864,0.967813,0.965251,0.966312,0.964305,0.963904,0.966697,0.969348,0.969982,0.969419,0.966416,0.966228
0.961925,0.965970,0.965711,0.966703,0.966163,0.962139,0.968709,0.966244,0.966513,0.964683,0.964714,0.962631,0.961004,0.964620,0.969130,0.967969,0.965050,0.964781,0.964282
0.961509,0.967990,0.966049,0.969666,0.968468,0.964802,0.969622,0.967594,0.967813,0.965332,0.966070,0.965979,0.966803,0.965866,0.969203,0.969982,0.964176,0.966801,0.966113
0.962203,0.967927,0.967672,0.969588,0.970219,0.968092,0.970600,0.968404,0.967613,0.963140,0.967038,0.968390,0.966937,0.967112,0.972609,0.967969,0.960681,0.966416,0.967831
0.963590,0.969821,0.968213,0.970680,0.968836,0.965795,0.970535,0.968584,0.968813,0.965982,0.967231,0.967519,0.965937,0.967943,0.972826,0.971491,0.964395,0.965550,0.968403
0.959429,0.964770,0.964088,0.964208,0.963305,0.960833,0.967210,0.966334,0.964414,0.964927,0.963456,0.962162,0.961504,0.966143,0.968043,0.967969,0.963521,0.964588,0.965312
0.960122,0.966412,0.965981,0.966391,0.965056,0.963236,0.968448,0.965974,0.962715,0.962897,0.963650,0.964573,0.962604,0.966420,0.966377,0.968137,0.958279,0.964588,0.965541
