Det0.000000,Det0.000000,Det0.000000,Det0.000000,Det0.000000,Det0.000000,Det0.000000,Det0.000000,Det0.000000,Det0.000000,Det0.000000,Det0.000000,Det0.000000,Det0.000000,Det0.000000,Det0.000000,Det0.000000,Det0.000000,Det0.000000
0.994668,0.999874,0.999216,0.999504,1.00083,0.997958,0.999136,0.999543,0.998982,0.999034,0.999453,0.996609,0.996583,1.00122,0.998650,0.997565,0.995694,0.998779,0.998632
0.994401,0.999916,0.999434,0.998214,1.00083,0.998393,0.998806,0.998285,0.996055,0.998678,0.999392,0.997118,0.996981,0.999365,0.998044,0.996189,0.992329,0.997742,0.999590
0.994357,1.00265,1.00170,1.00124,1.00256,1.00218,1.00004,1.00029,0.999491,1.00015,1.00067,1.00038,0.999078,1.00172,0.998463,0.996824,0.992733,0.999817,1.00178
0.997245,1.00354,1.00322,1.00174,1.00322,1.00137,1.00231,1.00029,1.00064,1.00178,1.00207,1.00047,0.999329,1.00426,1.00102,0.998730,0.993406,1.00122,1.00239
0.995823,1.00059,1.00070,0.999405,1.00012,0.999063,0.999918,1.00051,0.999491,1.00173,1.00076,0.997711,0.998176,1.00122,0.999767,0.997777,0.995963,0.999817,1.00232
0.999467,1.00114,1.00096,1.00094,1.00149,1.00047,1.00086,1.00109,1.00057,1.00107,1.00155,1.00102,1.00214,1.00091,1.00116,1.00127,0.999462,1.00031,1.00212
1.00333,1.00181,1.00187,1.00308,1.00167,1.00204,1.00222,1.00280,1.00255,1.00213,1.00295,1.00309,1.00344,1.00195,1.00340,1.00127,1.00484,1.00207,1.00205
1.00675,1.00328,1.00423,1.00486,1.00375,1.00448,1.00379,1.00429,1.00426,1.00473,1.00325,1.00403,1.00551,1.00508,1.00456,1.00572,1.00875,1.00275,1.00581
1.00089,0.999705,1.00017,1.00119,1.00030,1.00020,1.00119,1.00131,1.00172,1.00097,0.999635,1.00000,1.00004,1.00009,1.00158,1.00265,1.00484,1.00146,1.00007
0.998089,0.999285,0.998562,0.998214,0.999166,0.999230,0.999424,0.998571,0.998791,0.997967,0.999119,0.998601,0.997757,0.997326,0.997625,0.999894,0.999865,0.999695,0.999453
0.997245,0.999705,0.998693,0.997322,0.999404,0.999230,0.998312,0.998456,0.997964,0.998780,0.998876,0.998008,0.996876,0.999411,0.998510,0.996612,0.994483,0.998169,0.999658
0.997423,1.00017,0.998649,0.998363,1.00036,1.00037,0.999794,0.996627,0.998409,0.998424,0.999787,0.997796,0.996981,0.999094,0.997485,0.995130,0.993675,0.999573,0.999453
0.995779,0.998527,0.997081,0.996727,0.997975,0.997624,0.997036,0.997027,0.996182,0.997001,0.996475,0.994702,0.993941,0.997235,0.995995,0.994813,0.992868,0.995606,0.995487
0.993024,0.995370,0.994293,0.994792,0.994402,0.994511,0.995390,0.994169,0.994018,0.995019,0.994469,0.990633,0.991886,0.996737,0.994366,0.993860,0.991118,0.995179,0.994735
0.991558,0.994444,0.994206,0.993850,0.994640,0.993474,0.994896,0.992796,0.990200,0.994104,0.993254,0.989827,0.989559,0.995014,0.994971,0.991213,0.990445,0.993043,0.992478
0.990936,0.996591,0.994336,0.994395,0.997141,0.995716,0.994690,0.993883,0.993891,0.994460,0.994013,0.991947,0.991781,0.997371,0.993993,0.991213,0.986947,0.995057,0.992888
0.991025,0.995160,0.993944,0.992560,0.995057,0.994344,0.994525,0.991424,0.992746,0.994968,0.994743,0.991311,0.990041,0.997054,0.993946,0.992060,0.986947,0.994691,0.992478
0.987737,0.992634,0.992027,0.991072,0.992794,0.992034,0.993085,0.990338,0.991282,0.992732,0.992403,0.987751,0.988951,0.994742,0.991991,0.989837,0.986543,0.992677,0.992068
0.988314,0.994023,0.992463,0.991717,0.993092,0.992335,0.992056,0.992453,0.991664,0.992986,0.993011,0.989404,0.988385,0.995196,0.991991,0.991213,0.984390,0.993348,0.990085
0.988092,0.995496,0.994423,0.993850,0.995295,0.994444,0.993784,0.991539,0.992300,0.992884,0.993375,0.991184,0.990460,0.995785,0.991618,0.991107,0.984659,0.992860,0.992547
0.988270,0.994318,0.993509,0.991717,0.994878,0.993172,0.993743,0.991939,0.992618,0.993697,0.993801,0.989531,0.989790,0.995286,0.992177,0.991637,0.985601,0.993958,0.990974
0.984582,0.991287,0.989849,0.990130,0.991186,0.988386,0.991932,0.988966,0.990073,0.991308,0.991218,0.987369,0.986309,0.993428,0.990128,0.989625,0.984390,0.991212,0.988922
0.984537,0.990656,0.989021,0.988692,0.992198,0.988419,0.990615,0.989423,0.989119,0.989377,0.989850,0.986776,0.985554,0.991842,0.988358,0.990260,0.983179,0.990724,0.988991
0.985648,0.991876,0.990633,0.990675,0.992139,0.991164,0.991315,0.988451,0.989755,0.990292,0.991126,0.988895,0.987022,0.992703,0.989197,0.989837,0.983313,0.990785,0.992410
0.986004,0.995202,0.993465,0.993403,0.995176,0.993942,0.991726,0.991367,0.990773,0.992274,0.992494,0.989912,0.990314,0.995286,0.990547,0.989943,0.984255,0.992433,0.993094
0.986181,0.990950,0.989457,0.990279,0.989756,0.990394,0.993002,0.989938,0.990837,0.991258,0.991886,0.986818,0.986162,0.993519,0.990128,0.989731,0.985197,0.992249,0.990085
0.982805,0.989225,0.987758,0.987154,0.988268,0.986445,0.989586,0.988337,0.987273,0.988767,0.987966,0.984614,0.983437,0.990165,0.987567,0.986979,0.984390,0.989259,0.987486
0.984004,0.990698,0.989805,0.989584,0.990709,0.988286,0.990245,0.989709,0.990200,0.989123,0.990427,0.987708,0.986519,0.991524,0.988871,0.986979,0.983851,0.988710,0.989743
0.986759,0.995580,0.993944,0.992461,0.994223,0.993674,0.991315,0.991710,0.991600,0.992579,0.992889,0.990845,0.991068,0.995740,0.989336,0.991319,0.983851,0.991700,0.992615
0.988181,0.995496,0.994816,0.993602,0.994938,0.993674,0.994361,0.992453,0.993573,0.994714,0.994256,0.992201,0.992473,0.996102,0.993853,0.991213,0.988427,0.992799,0.995897
0.989514,0.991203,0.991112,0.990775,0.991007,0.988888,0.993208,0.992282,0.991473,0.993342,0.992129,0.989743,0.991006,0.992884,0.994133,0.993225,0.994483,0.990968,0.993572
0.991780,0.991750,0.991635,0.991767,0.992317,0.992469,0.992426,0.992911,0.991473,0.991867,0.993223,0.992201,0.992935,0.991343,0.992782,0.994918,0.994752,0.991273,0.994188
0.996356,0.995202,0.996166,0.995834,0.996903,0.996118,0.994525,0.994283,0.993764,0.995629,0.995411,0.996355,0.996499,0.995241,0.996414,0.996506,1.00013,0.994874,0.996239
0.995201,0.995328,0.994816,0.994842,0.995414,0.995381,0.994978,0.993940,0.995800,0.995730,0.995229,0.995338,0.995471,0.995830,0.995017,0.997671,0.999731,0.994263,0.996171
0.991735,0.992634,0.991330,0.990973,0.990650,0.990193,0.993990,0.990624,0.992618,0.992376,0.991886,0.989065,0.991131,0.991887,0.992456,0.994177,0.998116,0.992677,0.991179
0.987870,0.989098,0.987976,0.985864,0.987434,0.986378,0.988557,0.988451,0.989246,0.988564,0.988148,0.985674,0.985450,0.988216,0.988079,0.988143,0.989369,0.989747,0.988512
0.988670,0.993055,0.992027,0.989138,0.992556,0.990762,0.990039,0.988566,0.989055,0.989733,0.990154,0.989022,0.988909,0.991162,0.990221,0.989625,0.986543,0.990297,0.991863
0.988536,0.993686,0.992811,0.992064,0.994342,0.992838,0.991109,0.989252,0.990900,0.992223,0.992099,0.990506,0.991215,0.993745,0.991246,0.989308,0.985197,0.990480,0.992957
0.987781,0.991624,0.989283,0.988344,0.990412,0.989424,0.989833,0.987822,0.990010,0.988564,0.989516,0.986691,0.987169,0.991071,0.989476,0.988778,0.988158,0.989991,0.988991
0.984537,0.987204,0.985231,0.985567,0.987017,0.985842,0.987116,0.985250,0.986701,0.985412,0.986720,0.983512,0.982095,0.986765,0.986868,0.985602,0.985735,0.987367,0.985640
0.983738,0.988846,0.988106,0.986856,0.987076,0.987817,0.985964,0.985364,0.986955,0.985107,0.986720,0.983851,0.983500,0.988170,0.985704,0.985602,0.981160,0.986208,0.986803
0.984226,0.990740,0.988978,0.989287,0.991424,0.988721,0.988721,0.987365,0.986319,0.988055,0.989334,0.987708,0.986309,0.990527,0.987288,0.986238,0.980891,0.989930,0.988375
0.982671,0.988257,0.986799,0.986509,0.988804,0.986980,0.987939,0.985707,0.986892,0.986022,0.987237,0.984360,0.983898,0.988080,0.986403,0.984756,0.981967,0.988893,0.985914
0.979650,0.985521,0.984142,0.982343,0.984158,0.982362,0.985223,0.983020,0.984792,0.984396,0.984259,0.980672,0.980271,0.986629,0.984726,0.983273,0.979949,0.986391,0.983657
0.979872,0.985142,0.982747,0.982393,0.985111,0.983131,0.984811,0.983820,0.984473,0.982515,0.983833,0.980715,0.980481,0.984998,0.984587,0.982850,0.978603,0.984682,0.983520
0.981116,0.988888,0.989108,0.988295,0.991186,0.987683,0.986993,0.986507,0.985937,0.985616,0.986568,0.985165,0.985638,0.989213,0.986449,0.985602,0.978469,0.987001,0.988033
0.982271,0.989267,0.988368,0.988344,0.988982,0.988118,0.986663,0.986336,0.989246,0.987090,0.987054,0.984317,0.985072,0.990980,0.988033,0.985602,0.979814,0.988588,0.985845
0.978584,0.985942,0.983749,0.983732,0.986957,0.983399,0.984852,0.982906,0.984410,0.984243,0.984167,0.980799,0.980753,0.984907,0.984494,0.983591,0.980756,0.985231,0.983315
0.979383,0.983416,0.982747,0.981996,0.984099,0.981525,0.984235,0.983363,0.984155,0.983074,0.982435,0.979401,0.979348,0.983320,0.983562,0.982956,0.978334,0.985353,0.982836
0.978139,0.984426,0.983532,0.983682,0.985230,0.981190,0.984194,0.982791,0.982246,0.982922,0.983134,0.980079,0.980271,0.984499,0.983283,0.981050,0.977930,0.984804,0.983931
0.979250,0.987878,0.986320,0.985716,0.986957,0.985340,0.985675,0.984564,0.983646,0.985870,0.984866,0.983512,0.984233,0.987400,0.985378,0.983485,0.976585,0.985353,0.987076
0.977650,0.985605,0.984098,0.982740,0.985707,0.982362,0.985634,0.981991,0.983710,0.984294,0.983803,0.980164,0.981760,0.985088,0.985984,0.983485,0.978738,0.984987,0.984409
0.978495,0.983711,0.981876,0.982244,0.983146,0.981023,0.984070,0.981305,0.982819,0.983633,0.982618,0.979485,0.980166,0.983094,0.983236,0.982850,0.977661,0.984987,0.983452
0.979783,0.984847,0.983401,0.983682,0.984754,0.981993,0.985346,0.983877,0.983392,0.984243,0.983225,0.980969,0.981319,0.984454,0.983516,0.982638,0.979141,0.984743,0.985982
0.978628,0.986110,0.985579,0.984922,0.986779,0.985173,0.984564,0.985021,0.984092,0.985361,0.984714,0.983343,0.984171,0.984726,0.984633,0.982744,0.978065,0.985659,0.988102
0.983471,0.987204,0.986407,0.987303,0.989280,0.987750,0.987692,0.987251,0.986446,0.988208,0.987996,0.986225,0.989664,0.987173,0.989662,0.987826,0.986947,0.987062,0.990632
0.986359,0.985689,0.985623,0.986063,0.986124,0.985407,0.987898,0.986736,0.988291,0.987801,0.986416,0.986776,0.986666,0.985541,0.987846,0.988778,0.991118,0.986330,0.987965
0.988359,0.987373,0.986233,0.985864,0.986779,0.985541,0.987569,0.987365,0.987719,0.987395,0.986538,0.986903,0.988385,0.984861,0.988638,0.987931,0.992195,0.986025,0.988512
0.986892,0.986110,0.985623,0.985616,0.985647,0.985207,0.988104,0.985707,0.986255,0.987039,0.986082,0.985716,0.988301,0.986357,0.989476,0.990260,0.993002,0.985536,0.987897
0.984671,0.987962,0.986015,0.986608,0.985885,0.986077,0.987075,0.985936,0.986510,0.987242,0.985353,0.985080,0.987588,0.986675,0.988312,0.988461,0.987754,0.985475,0.986803
0.982760,0.984931,0.983662,0.982343,0.983265,0.983131,0.985305,0.983534,0.984982,0.984650,0.983316,0.982325,0.982871,0.985315,0.985471,0.986238,0.983582,0.984621,0.984888
0.981516,0.983879,0.982225,0.981103,0.982431,0.982562,0.984770,0.983477,0.982819,0.982668,0.981463,0.979697,0.981235,0.984590,0.984820,0.982744,0.983986,0.983889,0.982631
0.980361,0.984174,0.983837,0.982095,0.982372,0.983399,0.985223,0.981819,0.982564,0.983430,0.981645,0.979358,0.981843,0.984182,0.983097,0.982850,0.979680,0.983401,0.983657
0.979916,0.984889,0.982137,0.984376,0.984754,0.983533,0.984523,0.981991,0.983646,0.983227,0.982952,0.980927,0.981948,0.984635,0.982445,0.983803,0.979949,0.983889,0.984409
0.978672,0.983963,0.982137,0.981847,0.982252,0.982228,0.983988,0.981876,0.983519,0.981092,0.981493,0.981011,0.981634,0.983094,0.983097,0.981791,0.977527,0.983339,0.981879
0.976673,0.982574,0.980700,0.979863,0.980942,0.980253,0.983000,0.979875,0.980719,0.980685,0.980460,0.979189,0.979202,0.982187,0.981932,0.981897,0.978603,0.981509,0.980990
0.975784,0.981817,0.979959,0.979367,0.980108,0.980387,0.981024,0.979990,0.979955,0.982363,0.980946,0.977451,0.978007,0.980465,0.981187,0.979674,0.975912,0.981020,0.979828
0.976095,0.983248,0.982007,0.979962,0.982491,0.982562,0.982300,0.979647,0.982246,0.981244,0.981524,0.979316,0.980879,0.982233,0.981327,0.980415,0.975239,0.981875,0.982631
0.975829,0.982153,0.981440,0.979615,0.982610,0.982094,0.980859,0.979361,0.980719,0.982210,0.981402,0.978807,0.980082,0.982550,0.981374,0.982215,0.976585,0.980715,0.981947
0.975162,0.981396,0.979611,0.979317,0.980227,0.979115,0.981806,0.979875,0.980465,0.981702,0.979731,0.976518,0.977210,0.981236,0.980396,0.980627,0.974970,0.981997,0.979349
0.972896,0.978786,0.976909,0.977086,0.977726,0.976605,0.980324,0.975931,0.979192,0.978296,0.978394,0.974569,0.975323,0.978833,0.978626,0.978827,0.976046,0.979556,0.977161
0.975473,0.981901,0.978260,0.978970,0.980168,0.978747,0.979913,0.978332,0.979637,0.979618,0.979791,0.977493,0.977797,0.980510,0.980396,0.979251,0.976046,0.981570,0.979212
0.975295,0.983374,0.980525,0.979962,0.981478,0.979383,0.982629,0.980218,0.981546,0.981803,0.981129,0.978722,0.979139,0.982550,0.980489,0.979462,0.974701,0.981631,0.979896
0.975029,0.981817,0.979131,0.979466,0.979751,0.977341,0.980942,0.979361,0.980910,0.981397,0.979700,0.977324,0.977503,0.982459,0.980768,0.981791,0.975508,0.979800,0.980170
0.974185,0.978618,0.976735,0.977284,0.978262,0.976571,0.979830,0.977188,0.979446,0.978703,0.978150,0.975586,0.975763,0.979468,0.978673,0.978404,0.974431,0.979312,0.978528
0.973962,0.980807,0.978391,0.978673,0.978798,0.979015,0.980365,0.976731,0.979319,0.979567,0.979153,0.976985,0.977419,0.979513,0.978626,0.978404,0.972144,0.979373,0.979623
0.974673,0.981312,0.978521,0.978574,0.980823,0.978446,0.980777,0.977589,0.981483,0.980838,0.980095,0.976561,0.977252,0.980828,0.980535,0.980521,0.975777,0.979251,0.979623
0.973518,0.980301,0.978739,0.977532,0.978739,0.976237,0.980036,0.977589,0.979574,0.979313,0.978880,0.975798,0.976287,0.979831,0.980861,0.978509,0.976585,0.980105,0.980648
0.973029,0.979628,0.978173,0.976788,0.978917,0.976136,0.979501,0.978217,0.980210,0.977788,0.978333,0.975289,0.975575,0.978788,0.978207,0.978086,0.974701,0.979006,0.980238
0.973740,0.982616,0.981005,0.979069,0.981716,0.979517,0.980119,0.979933,0.981546,0.980685,0.980308,0.978553,0.979726,0.981553,0.979278,0.979568,0.974028,0.981326,0.983178
0.977784,0.984637,0.983227,0.982988,0.984099,0.983567,0.984564,0.982505,0.985364,0.985056,0.983620,0.983470,0.985366,0.983638,0.984447,0.984756,0.982640,0.983217,0.986803
0.982538,0.981522,0.981571,0.982343,0.981121,0.981123,0.983329,0.983649,0.984473,0.983582,0.982010,0.982071,0.984192,0.982323,0.983655,0.984756,0.987889,0.983217,0.985435
0.983826,0.982448,0.982704,0.982492,0.981419,0.982629,0.983823,0.983992,0.985301,0.982668,0.982314,0.982622,0.984192,0.982958,0.984913,0.984438,0.988831,0.982668,0.985367
0.981738,0.981732,0.981179,0.981053,0.982014,0.981224,0.982794,0.981648,0.984664,0.982312,0.981007,0.981901,0.982955,0.981100,0.983702,0.984650,0.985197,0.982424,0.984341
0.980627,0.984300,0.982747,0.982095,0.983622,0.982931,0.983000,0.981934,0.984601,0.983176,0.982861,0.981435,0.983772,0.982323,0.983003,0.983485,0.982506,0.983278,0.985845
0.977339,0.979165,0.978478,0.979020,0.978977,0.978245,0.981106,0.979361,0.981037,0.980228,0.979336,0.977663,0.979411,0.980329,0.980349,0.981262,0.982102,0.980044,0.981400
0.974851,0.979586,0.978260,0.978623,0.978441,0.978044,0.979419,0.978332,0.981228,0.979059,0.978910,0.977663,0.977231,0.979740,0.979651,0.979356,0.980756,0.980105,0.980580
0.975340,0.978576,0.978434,0.976242,0.977488,0.976504,0.979336,0.977932,0.978874,0.978347,0.977664,0.974611,0.975071,0.978833,0.977881,0.978721,0.976585,0.977908,0.977640
0.973874,0.980049,0.978739,0.976342,0.978322,0.978814,0.978760,0.976559,0.978874,0.977636,0.977847,0.976222,0.977084,0.979559,0.976950,0.977239,0.975912,0.977725,0.978939
0.972763,0.977187,0.976735,0.976242,0.978858,0.976438,0.978472,0.976617,0.979510,0.977890,0.977056,0.975120,0.975281,0.978426,0.975693,0.976710,0.973893,0.977969,0.977503
0.971563,0.977776,0.975690,0.974804,0.976654,0.975233,0.976126,0.975416,0.976519,0.976975,0.975962,0.973128,0.972786,0.976930,0.976205,0.975863,0.974028,0.975528,0.975998
0.971919,0.976892,0.975733,0.975498,0.975761,0.975367,0.976908,0.975931,0.977283,0.977127,0.975415,0.974484,0.973771,0.976114,0.976950,0.978086,0.975643,0.979006,0.976477
0.970985,0.976050,0.972858,0.973911,0.974689,0.972957,0.975550,0.974730,0.975628,0.976416,0.974139,0.970796,0.971507,0.975570,0.975646,0.975757,0.973893,0.974979,0.974494
0.970674,0.975461,0.972945,0.975002,0.973021,0.972856,0.975838,0.973415,0.976201,0.975450,0.974200,0.970542,0.972178,0.975479,0.974761,0.974804,0.973893,0.975650,0.975451
0.970541,0.975756,0.974731,0.973713,0.973438,0.971752,0.975920,0.973701,0.975565,0.974992,0.974261,0.971135,0.971423,0.975298,0.975460,0.974592,0.973893,0.975589,0.973810
0.972007,0.978071,0.975123,0.975399,0.976416,0.975400,0.977114,0.974730,0.977346,0.976009,0.976418,0.973890,0.973604,0.976748,0.976624,0.976180,0.973759,0.977420,0.976545
0.971341,0.974787,0.973293,0.971977,0.974570,0.972555,0.976908,0.975359,0.976137,0.975856,0.974261,0.971814,0.972073,0.975525,0.975367,0.974381,0.974162,0.976626,0.974221
0.968853,0.974830,0.971856,0.972076,0.973557,0.972588,0.975303,0.972157,0.976201,0.975297,0.973379,0.970033,0.970941,0.975207,0.973783,0.975016,0.971740,0.974857,0.974494
0.968586,0.974872,0.972030,0.971878,0.973021,0.972722,0.975550,0.972443,0.974801,0.973976,0.973592,0.972195,0.972010,0.975434,0.975693,0.974910,0.972009,0.975040,0.975041
0.968275,0.975040,0.973424,0.973018,0.974808,0.973927,0.976290,0.972672,0.975438,0.975958,0.974717,0.972661,0.972157,0.976069,0.975460,0.972899,0.970394,0.974918,0.975178
0.968408,0.975545,0.972335,0.972771,0.974987,0.973827,0.975550,0.973358,0.975310,0.975043,0.974321,0.973000,0.972618,0.975026,0.976019,0.974275,0.972547,0.975955,0.974973
0.968986,0.975293,0.972858,0.971729,0.974034,0.971618,0.975673,0.973243,0.974610,0.974128,0.972681,0.971517,0.971633,0.974392,0.975972,0.975545,0.969991,0.975345,0.972990
0.968008,0.974409,0.972248,0.972870,0.974153,0.971852,0.974850,0.973758,0.974801,0.973925,0.973531,0.970584,0.971360,0.974301,0.974482,0.973957,0.971202,0.975467,0.974768
0.969875,0.976219,0.974688,0.975548,0.976654,0.974731,0.975920,0.974444,0.977219,0.976517,0.975689,0.974187,0.975784,0.976612,0.977788,0.978933,0.973086,0.976871,0.977093
0.971608,0.980638,0.979698,0.981748,0.980049,0.978513,0.982135,0.976845,0.985682,0.980075,0.979761,0.989065,0.987441,0.981145,0.984400,0.994283,0.983044,0.979617,0.980101
0.977073,0.993560,1.00100,1.00967,0.995950,0.985642,0.995431,0.988165,1.00783,0.986835,0.985261,1.01149,1.00998,0.992839,0.998277,1.03822,1.01077,0.993592,0.991179
0.985471,1.02319,1.04143,1.03730,1.03323,1.00318,1.02252,1.01309,1.03563,0.993901,0.993922,1.00920,1.00619,1.00471,1.03050,1.07178,1.03849,1.02600,1.02243
0.991780,1.04335,1.05446,1.02247,1.03484,1.01868,1.04227,1.03385,1.04607,1.00442,1.00599,1.00555,0.998868,1.00839,1.06035,1.06098,1.04468,1.03167,1.03337
1.00093,1.04605,1.03786,1.00739,1.01858,1.02162,1.03503,1.02687,1.04766,1.01576,1.01529,1.00466,0.999937,1.00771,1.06347,1.04552,1.04252,1.01440,1.01600
1.00618,1.03877,1.02488,1.00600,1.01084,1.01938,1.02235,1.01281,1.04213,1.02516,1.01884,1.00093,0.997757,1.00490,1.04810,1.03843,1.03566,1.00024,0.997538
1.01093,1.03595,1.02706,1.00784,1.01161,1.01894,1.01955,1.00600,1.03901,1.02999,1.02012,1.00004,0.998050,1.00258,1.03562,1.03822,1.03310,0.988832,0.986187
1.01089,1.03355,1.02762,1.00853,1.01233,1.01580,1.01968,1.00732,1.03500,1.02775,1.01659,0.998389,0.995660,1.00245,1.03022,1.03906,1.02907,0.981387,0.981059
1.00484,1.03123,1.02692,1.00927,1.01084,1.01094,1.01939,1.00726,1.03105,1.01845,1.01082,0.999067,0.996184,0.999592,1.02459,1.03599,1.02516,0.979922,0.979486
0.997112,1.02189,1.02218,1.00803,1.00786,1.00218,1.01400,1.00543,1.02469,1.00834,1.00331,0.998432,0.995639,0.994878,1.01979,1.02752,1.01601,0.978518,0.976477
0.988803,1.00905,1.01259,1.00372,1.00465,0.997322,1.00239,0.998456,1.01171,0.999644,0.996201,0.997330,0.994654,0.989621,1.01448,1.01916,1.00242,0.976626,0.976682
0.983382,0.996927,1.00205,0.998016,0.996784,0.992068,0.992797,0.992625,1.00255,0.992223,0.990822,0.996016,0.992599,0.984998,1.00750,1.00868,0.991522,0.976199,0.975862
0.978850,0.989730,0.993465,0.991023,0.992020,0.987482,0.988516,0.987880,0.995100,0.988055,0.987814,0.992752,0.989517,0.981281,1.00186,1.00243,0.987081,0.975467,0.975657
0.977295,0.985731,0.989980,0.987204,0.988506,0.985675,0.985099,0.984392,0.990710,0.985412,0.986264,0.989997,0.986498,0.982459,0.996834,0.995765,0.980622,0.976138,0.975793
0.974718,0.981438,0.985100,0.981996,0.983622,0.981525,0.982588,0.979304,0.988610,0.982820,0.981676,0.983936,0.981319,0.978199,0.991385,0.991425,0.982102,0.975345,0.974973
0.973118,0.980596,0.982530,0.980557,0.980763,0.979617,0.981353,0.977246,0.984283,0.980126,0.980673,0.981605,0.978782,0.976794,0.987846,0.988567,0.977796,0.974735,0.973400
0.970497,0.978365,0.979044,0.977086,0.979036,0.976270,0.979625,0.976845,0.982183,0.978195,0.977087,0.977578,0.975491,0.973712,0.983795,0.984014,0.978199,0.972476,0.972579
0.970097,0.978365,0.979218,0.979218,0.981597,0.977877,0.979378,0.975816,0.983646,0.979008,0.978302,0.977960,0.976749,0.975842,0.982305,0.985814,0.976315,0.974002,0.974221
0.968764,0.976303,0.976779,0.975945,0.978143,0.976270,0.977896,0.973930,0.980783,0.977737,0.976874,0.975713,0.974107,0.973712,0.981001,0.980733,0.974835,0.972904,0.973332
0.968675,0.976176,0.975297,0.974903,0.977428,0.974831,0.976332,0.974215,0.979510,0.976161,0.976054,0.974187,0.972786,0.973122,0.978254,0.979462,0.973355,0.971744,0.973195
0.967697,0.975377,0.974949,0.973961,0.975106,0.972153,0.976167,0.972386,0.978492,0.975348,0.974595,0.971432,0.970627,0.972941,0.975972,0.978298,0.975239,0.971683,0.970801
0.968630,0.975882,0.974949,0.975151,0.975701,0.973693,0.977196,0.971814,0.978301,0.974382,0.974534,0.972746,0.972639,0.973440,0.975786,0.980097,0.972951,0.971500,0.971485
0.968542,0.975082,0.975210,0.974754,0.975999,0.973860,0.976332,0.972729,0.980592,0.975348,0.975537,0.973085,0.972618,0.971853,0.977555,0.978827,0.972817,0.972415,0.972716
0.966676,0.973904,0.972945,0.972027,0.971711,0.970681,0.975344,0.971242,0.977474,0.973417,0.973835,0.969440,0.970060,0.971264,0.975926,0.977451,0.972547,0.971195,0.970323
0.966898,0.974367,0.972509,0.972076,0.970937,0.970647,0.975838,0.972615,0.979383,0.974382,0.973167,0.971220,0.970689,0.970448,0.977276,0.980627,0.974970,0.973453,0.973879
0.968453,0.977902,0.977214,0.976738,0.975820,0.973793,0.979007,0.975187,0.986510,0.976924,0.975841,0.976985,0.976497,0.975253,0.984820,0.999577,0.984390,0.989015,0.989880
0.973252,0.994149,0.999129,0.995387,0.994283,0.983667,0.996090,0.988566,1.00795,0.982617,0.981827,0.996821,0.996918,0.984861,1.00731,1.04510,1.01413,1.02124,1.01949
0.982716,1.02126,1.03599,1.02346,1.02120,1.00187,1.02437,1.01641,1.02603,0.995324,0.994895,1.00123,1.00063,0.991434,1.04005,1.06818,1.03862,1.02887,1.02462
0.997734,1.03595,1.04649,1.01929,1.01882,1.01285,1.03388,1.02699,1.03678,1.01301,1.00896,0.998644,0.993899,0.995196,1.05169,1.05812,1.04387,1.01581,1.01374
1.01266,1.04142,1.03769,1.00952,1.01155,1.01961,1.02844,1.02115,1.03875,1.03243,1.02042,0.999830,0.996603,0.996555,1.04382,1.04679,1.03620,1.00684,1.00376
1.02408,1.03952,1.03146,1.00923,1.01143,1.02018,1.02153,1.01429,1.03831,1.04351,1.02604,1.00089,0.999015,0.998958,1.03437,1.04457,1.03378,0.997315,0.997333
1.02559,1.03313,1.02675,1.00848,1.00828,1.01523,1.01877,1.00743,1.03468,1.03949,1.02203,0.997075,0.994842,0.995558,1.02678,1.04213,1.03418,0.984255,0.984683
1.02071,1.02631,1.02196,1.00456,1.00429,1.00907,1.01441,1.00475,1.02762,1.02882,1.01477,0.991650,0.989098,0.991978,1.01811,1.03737,1.02987,0.976565,0.976477
1.01200,1.02126,1.02270,1.00650,1.00518,1.00629,1.01313,1.00452,1.02412,1.02048,1.01027,0.993473,0.991026,0.990663,1.01243,1.03250,1.02194,0.975101,0.975930
1.00520,1.01427,1.02148,1.00813,1.00697,1.00291,1.00860,1.00086,1.01763,1.01245,1.00477,0.996906,0.995073,0.989031,1.00922,1.02562,1.00942,0.975833,0.976956
0.995023,1.00051,1.01198,1.00496,0.999643,0.993340,0.999424,0.993025,1.00885,1.00386,0.995989,0.993515,0.992326,0.983593,1.00256,1.01683,1.00054,0.975772,0.974973
0.985159,0.986573,0.996950,0.996280,0.987910,0.983098,0.987445,0.983992,0.994655,0.993545,0.987297,0.987030,0.984842,0.977066,0.995204,1.00540,0.991522,0.973392,0.970596
0.980627,0.982574,0.989762,0.991618,0.985409,0.981491,0.982629,0.979704,0.990010,0.988970,0.984076,0.985801,0.983688,0.975751,0.990966,0.996824,0.984793,0.972049,0.970118
0.979294,0.981817,0.986974,0.988840,0.985111,0.983433,0.981971,0.979704,0.987337,0.986581,0.985170,0.986309,0.984129,0.977428,0.988778,0.992907,0.980891,0.973514,0.972853
0.978406,0.981101,0.986538,0.987600,0.984992,0.982629,0.982588,0.978389,0.986955,0.986175,0.984350,0.984190,0.982703,0.978153,0.987288,0.991743,0.981564,0.974429,0.975520
0.973874,0.976176,0.979611,0.979466,0.978560,0.975802,0.980077,0.974901,0.983392,0.981041,0.978789,0.977112,0.976245,0.973757,0.981793,0.987190,0.980756,0.972599,0.970323
0.971430,0.974451,0.977563,0.975994,0.976416,0.974028,0.976414,0.971928,0.979383,0.978906,0.976175,0.974060,0.972283,0.970176,0.978161,0.982532,0.977392,0.970463,0.967656
0.970941,0.976050,0.979044,0.977532,0.978203,0.975835,0.977155,0.973243,0.979319,0.977890,0.976813,0.974908,0.973813,0.972443,0.977555,0.979992,0.974566,0.970768,0.969160
0.971430,0.976892,0.977084,0.977433,0.978203,0.975902,0.978307,0.973129,0.980592,0.978449,0.977239,0.975840,0.975092,0.973032,0.977648,0.981580,0.973355,0.971805,0.971143
0.970719,0.974577,0.975820,0.977135,0.976595,0.972287,0.978513,0.971471,0.978746,0.977331,0.975780,0.974526,0.973268,0.971672,0.975972,0.979251,0.976046,0.970402,0.970049
0.967964,0.972935,0.972988,0.971828,0.972068,0.969375,0.977319,0.969584,0.977092,0.975145,0.973258,0.970118,0.969180,0.968817,0.973411,0.977980,0.972144,0.968632,0.967724
0.967742,0.974030,0.974208,0.974060,0.972009,0.971183,0.976290,0.970499,0.977156,0.975399,0.973440,0.970924,0.970249,0.970539,0.974948,0.977557,0.972413,0.967900,0.968476
0.968542,0.975293,0.975210,0.975250,0.973974,0.972555,0.977731,0.970614,0.977919,0.976111,0.974534,0.972619,0.972346,0.971808,0.975646,0.977557,0.974566,0.970096,0.969160
0.968497,0.975461,0.974034,0.974754,0.973379,0.972588,0.977813,0.972958,0.977919,0.976568,0.974808,0.971432,0.972283,0.971219,0.978300,0.978086,0.975104,0.971012,0.971622
0.968942,0.974914,0.973511,0.975548,0.973200,0.972488,0.979254,0.973186,0.978301,0.978652,0.974504,0.972365,0.973059,0.970811,0.980908,0.982215,0.978738,0.972354,0.973879
0.967786,0.973314,0.974731,0.973267,0.975284,0.971082,0.977690,0.971414,0.981419,0.977991,0.973471,0.973424,0.973059,0.972760,0.981886,0.991213,0.979680,0.981692,0.981264
0.969786,0.980764,0.983662,0.980905,0.981716,0.976136,0.985346,0.976559,0.991982,0.980075,0.975993,0.987242,0.986917,0.977020,0.995530,1.02520,1.00054,1.01031,1.00950
0.978628,1.00446,1.01904,1.01359,1.01042,0.992068,1.01107,0.999886,1.01502,0.990800,0.988878,1.00059,1.00151,0.986539,1.02505,1.06098,1.02759,1.02606,1.02448
0.992891,1.02416,1.04257,1.02336,1.02049,1.00492,1.03050,1.02052,1.02698,1.00727,1.00201,0.999025,0.998260,0.991026,1.04848,1.06447,1.04131,1.01904,1.01744
1.00462,1.03233,1.04108,1.01240,1.01269,1.01202,1.03363,1.02270,1.03309,1.02653,1.01371,0.996736,0.994297,0.992567,1.04754,1.05378,1.03916,1.00421,1.00472
1.01582,1.03456,1.03307,1.00883,1.00899,1.01496,1.02585,1.01641,1.03449,1.03771,1.02042,0.996312,0.995325,0.992703,1.03860,1.04542,1.03176,0.990602,0.991521
1.02284,1.03443,1.03045,1.01091,1.01060,1.01724,1.02219,1.01155,1.03328,1.04005,1.02279,0.997669,0.996352,0.994878,1.03003,1.04362,1.02947,0.979068,0.983520
1.01977,1.02988,1.02688,1.00967,1.00774,1.01285,1.02017,1.00692,1.03023,1.03243,1.01787,0.995677,0.993794,0.993337,1.02389,1.04192,1.02920,0.977176,0.978118
1.01075,1.01953,1.02126,1.00476,1.00262,1.00438,1.01651,1.00475,1.02132,1.02114,1.00866,0.990294,0.989517,0.988623,1.01430,1.03335,1.02261,0.974857,0.973126
0.999556,1.01019,1.01860,1.00362,1.00030,0.996452,1.00959,0.997999,1.01285,1.01057,0.999666,0.990887,0.988888,0.982686,1.00694,1.02318,1.00861,0.970585,0.971007
0.990269,0.999832,1.01420,1.00362,0.999702,0.993105,1.00111,0.993768,1.00407,1.00163,0.995198,0.991141,0.990020,0.981372,1.00219,1.01630,0.997309,0.971012,0.973332
0.986581,0.989267,1.00575,1.00169,0.995057,0.989691,0.993208,0.987536,0.996627,0.996645,0.991430,0.989870,0.989349,0.980102,0.999069,1.00741,0.991253,0.972354,0.973195
0.979650,0.981606,0.992202,0.992064,0.985349,0.980420,0.985964,0.980218,0.989628,0.989733,0.984350,0.982198,0.980732,0.974754,0.993993,1.00021,0.988158,0.970463,0.968818
0.975873,0.976724,0.984534,0.983583,0.980823,0.976002,0.982300,0.975073,0.984346,0.984599,0.980035,0.978044,0.977168,0.971581,0.986403,0.992484,0.981967,0.969059,0.967588
0.973563,0.977355,0.983227,0.984079,0.979811,0.977508,0.981395,0.974673,0.983455,0.981651,0.979731,0.976434,0.976455,0.973666,0.984866,0.989202,0.980083,0.970035,0.968682
0.973829,0.978407,0.982094,0.982492,0.981657,0.978647,0.981971,0.974215,0.982246,0.982922,0.979244,0.977917,0.978321,0.974709,0.982864,0.988037,0.977527,0.970157,0.971212
0.971919,0.975503,0.979262,0.979169,0.977012,0.974764,0.980119,0.972443,0.981737,0.979567,0.978090,0.973890,0.974883,0.972760,0.981979,0.985179,0.979949,0.970402,0.969776
0.967386,0.971799,0.974862,0.974258,0.972307,0.970714,0.977443,0.968727,0.976583,0.976263,0.973106,0.970245,0.969788,0.969587,0.976764,0.981262,0.975104,0.966984,0.967177
0.967920,0.972430,0.975733,0.975052,0.974867,0.972421,0.977484,0.968555,0.975947,0.976416,0.974321,0.971305,0.969851,0.968499,0.976438,0.979356,0.972682,0.966496,0.967382
0.966764,0.974409,0.976256,0.974754,0.974748,0.975065,0.978307,0.969013,0.977983,0.977076,0.975203,0.972661,0.972975,0.971309,0.975786,0.979039,0.973086,0.967045,0.968545
0.967653,0.972136,0.974688,0.975300,0.973438,0.970915,0.979089,0.970099,0.977983,0.976263,0.973957,0.970669,0.971843,0.970494,0.976577,0.980733,0.972817,0.967655,0.967656
0.963876,0.968137,0.970505,0.968356,0.969269,0.967635,0.975673,0.966783,0.972956,0.973417,0.971191,0.966092,0.965490,0.967729,0.976298,0.976498,0.974701,0.965886,0.965399
0.965032,0.972220,0.972291,0.970390,0.970639,0.970948,0.976249,0.967583,0.973592,0.974992,0.971647,0.969313,0.968215,0.967955,0.974808,0.974487,0.972009,0.965275,0.967177
0.966231,0.974282,0.973511,0.972919,0.971949,0.971752,0.978348,0.968670,0.974928,0.976314,0.974109,0.970203,0.970836,0.969587,0.976624,0.977980,0.973086,0.966496,0.968955
0.965431,0.971462,0.972248,0.971332,0.971056,0.971049,0.978266,0.968498,0.977410,0.976111,0.972802,0.969059,0.969369,0.969496,0.978813,0.981368,0.975373,0.967716,0.969844
0.963654,0.968684,0.968632,0.967563,0.968257,0.965426,0.975838,0.967069,0.975756,0.973925,0.969945,0.966855,0.967775,0.966686,0.979930,0.985708,0.978872,0.975772,0.974699
0.964187,0.972641,0.976909,0.973862,0.974391,0.969476,0.981230,0.970785,0.984537,0.975145,0.971161,0.977663,0.978049,0.971536,0.987939,1.01482,0.995155,1.00092,1.00007
0.973563,0.995370,1.01111,1.00486,1.00292,0.986311,1.00428,0.992282,1.00471,0.985971,0.983408,0.994193,0.996226,0.981961,1.01662,1.05357,1.02207,1.01941,1.01819
0.986848,1.01385,1.03673,1.01860,1.01364,0.999598,1.02589,1.01332,1.02094,1.00117,0.995897,0.993854,0.995199,0.986856,1.03925,1.06214,1.03701,1.01721,1.01614
0.997512,1.02163,1.03703,1.01012,1.00655,1.00415,1.02869,1.01641,1.02412,1.01825,1.00583,0.988895,0.988594,0.986947,1.04065,1.05198,1.03620,1.00134,1.00048
1.00751,1.02462,1.02884,1.00268,1.00137,1.00666,1.02297,1.01046,1.02584,1.03141,1.01164,0.987793,0.986561,0.986584,1.03097,1.04309,1.03109,0.984438,0.984751
1.01528,1.02656,1.02627,1.00511,1.00417,1.01101,1.01976,1.00783,1.02774,1.03553,1.01656,0.990421,0.990125,0.988216,1.02417,1.04002,1.02718,0.975223,0.976956
1.01680,1.02340,1.02462,1.00660,1.00453,1.01004,1.01918,1.00492,1.02558,1.03217,1.01492,0.990802,0.990041,0.990074,1.01937,1.03928,1.02853,0.973819,0.973537
1.00626,1.01524,1.01878,1.00327,0.998928,1.00251,1.01519,0.999714,1.01903,1.02120,1.00611,0.986776,0.986288,0.985587,1.01085,1.03282,1.02301,0.969730,0.969913
0.996756,1.00589,1.01364,1.00005,0.996129,0.994444,1.00848,0.995826,1.00789,1.00915,0.997782,0.984233,0.983395,0.980556,1.00428,1.02340,1.01050,0.968571,0.967382
0.988892,0.998064,1.01050,1.00060,0.995474,0.990729,1.00058,0.990795,0.999555,1.00142,0.992251,0.985928,0.984800,0.978697,0.999208,1.01334,0.998385,0.968388,0.967519
0.983516,0.989940,1.00396,0.998363,0.993151,0.986445,0.993208,0.985192,0.992364,0.994968,0.989151,0.984953,0.984925,0.977519,0.995763,1.00455,0.991522,0.968510,0.969092
0.980627,0.982869,0.996166,0.996330,0.987612,0.982495,0.988392,0.978903,0.988864,0.990139,0.985444,0.982283,0.982493,0.975887,0.993155,0.999788,0.987081,0.968937,0.968545
0.974274,0.976724,0.985449,0.985567,0.979751,0.977207,0.984317,0.974673,0.982883,0.984396,0.979883,0.976306,0.975721,0.972805,0.986636,0.993860,0.983717,0.967411,0.965536
0.971074,0.974493,0.981484,0.980706,0.978262,0.975701,0.980901,0.972100,0.979701,0.981702,0.977938,0.975162,0.973457,0.971853,0.984587,0.987508,0.980083,0.966313,0.966357
0.970897,0.974156,0.981484,0.980607,0.979870,0.977207,0.980201,0.971128,0.981101,0.980533,0.977786,0.975077,0.975113,0.972443,0.981420,0.984756,0.977123,0.967106,0.967998
0.971563,0.974451,0.978826,0.978474,0.977428,0.975132,0.980612,0.971071,0.980846,0.980075,0.976692,0.974781,0.974002,0.971672,0.980023,0.984120,0.977392,0.966374,0.966083
0.967875,0.971462,0.976343,0.975399,0.974391,0.972856,0.978966,0.968898,0.977601,0.977432,0.974413,0.970754,0.970941,0.970267,0.979045,0.981368,0.978603,0.965825,0.965673
0.964543,0.970200,0.973511,0.971332,0.972545,0.969442,0.976620,0.966097,0.975883,0.975755,0.972042,0.967999,0.967733,0.967729,0.975926,0.980733,0.976585,0.963933,0.964032
0.964632,0.970031,0.973511,0.971828,0.972664,0.970313,0.976332,0.967183,0.974165,0.975704,0.972954,0.970203,0.969327,0.967412,0.974203,0.977239,0.972817,0.963444,0.965263
0.965876,0.972725,0.974034,0.975846,0.974808,0.972856,0.977402,0.967069,0.974928,0.976314,0.973957,0.970288,0.971255,0.969768,0.976158,0.977557,0.973220,0.965825,0.966425
0.963254,0.969737,0.971028,0.969894,0.969329,0.968539,0.975879,0.965411,0.974292,0.973315,0.971526,0.967406,0.967062,0.967729,0.976391,0.976921,0.973624,0.963811,0.963963
0.962721,0.968221,0.969982,0.968207,0.967959,0.967033,0.975467,0.964325,0.973019,0.974535,0.970067,0.965413,0.966182,0.966868,0.974808,0.975439,0.974431,0.964421,0.963758
0.961966,0.966580,0.969067,0.967215,0.968316,0.966564,0.974891,0.964839,0.972447,0.973163,0.970189,0.965117,0.965238,0.966233,0.974854,0.974063,0.972951,0.962285,0.964032
0.964321,0.970410,0.972161,0.970092,0.970758,0.970045,0.976290,0.965925,0.973847,0.975043,0.972012,0.967787,0.969096,0.968726,0.978766,0.978404,0.973355,0.963078,0.967246
0.964898,0.969063,0.971289,0.971233,0.969507,0.968472,0.977731,0.965868,0.974928,0.976619,0.971890,0.967533,0.969788,0.968907,0.981606,0.984756,0.978065,0.966252,0.968613
0.967475,0.970115,0.970679,0.969398,0.969805,0.968070,0.979336,0.968212,0.979765,0.977432,0.973623,0.972534,0.975658,0.969723,0.988265,0.998624,0.988023,0.965153,0.968818
0.971563,0.972683,0.972640,0.972374,0.973974,0.969476,0.982794,0.968956,0.983201,0.979719,0.974838,0.981308,0.982347,0.973213,0.992456,1.01186,0.995290,0.966679,0.970596
0.972985,0.973525,0.976909,0.975002,0.976178,0.972622,0.984482,0.971128,0.985237,0.979211,0.976023,0.986225,0.987840,0.974437,0.994366,1.01556,0.994752,0.968693,0.970870
0.973740,0.974872,0.977519,0.975846,0.976118,0.973358,0.983494,0.969985,0.985173,0.980075,0.976540,0.985419,0.987525,0.975207,0.992968,1.00889,0.990042,0.969669,0.969297
0.968675,0.970452,0.972378,0.970737,0.969984,0.968505,0.980283,0.966954,0.979637,0.977940,0.973531,0.976730,0.979705,0.971717,0.987334,0.998836,0.984793,0.965336,0.966972
0.968097,0.968895,0.970941,0.967612,0.967304,0.966765,0.977731,0.965983,0.976456,0.975348,0.972316,0.971729,0.973583,0.968545,0.984261,0.989625,0.980622,0.964848,0.965126
0.967609,0.967590,0.969416,0.967017,0.967542,0.967434,0.976990,0.965354,0.976201,0.975399,0.973076,0.970161,0.970270,0.969315,0.982305,0.986555,0.977527,0.963872,0.963485
0.966631,0.968558,0.969677,0.968753,0.968912,0.968740,0.976702,0.964896,0.974738,0.975907,0.973167,0.970330,0.970585,0.968182,0.981886,0.981474,0.974028,0.963139,0.965057
0.966276,0.966916,0.969895,0.966174,0.966947,0.965593,0.975344,0.962095,0.972638,0.972959,0.971465,0.968296,0.966643,0.967502,0.981327,0.978298,0.973355,0.963505,0.961297
0.963832,0.967085,0.968152,0.965281,0.967006,0.965928,0.974479,0.963067,0.972510,0.972299,0.969824,0.966092,0.966035,0.965780,0.978580,0.977133,0.970394,0.961919,0.961160
0.963476,0.965780,0.967237,0.966273,0.966589,0.965861,0.974767,0.962152,0.971047,0.971638,0.969064,0.966770,0.964819,0.966641,0.980489,0.976498,0.970663,0.960332,0.960681
0.962543,0.967969,0.968414,0.967414,0.967900,0.966095,0.975097,0.963181,0.971556,0.971892,0.970067,0.966176,0.965322,0.968454,0.979837,0.973534,0.972951,0.963017,0.962254
0.961210,0.964980,0.966540,0.963644,0.964326,0.963719,0.972956,0.961466,0.971683,0.971028,0.967727,0.963633,0.963037,0.965825,0.978533,0.974275,0.969721,0.961186,0.960202
0.959655,0.965654,0.966497,0.963942,0.964386,0.963351,0.973738,0.961580,0.970092,0.970113,0.967636,0.962997,0.963184,0.964873,0.978580,0.973851,0.972278,0.959478,0.961160
0.960810,0.965906,0.965930,0.964537,0.964505,0.965192,0.973862,0.962266,0.970538,0.970367,0.968183,0.964057,0.964064,0.965825,0.978533,0.973534,0.968914,0.960393,0.960818
0.959389,0.966496,0.967150,0.965777,0.964683,0.964958,0.973985,0.961637,0.968565,0.969147,0.967818,0.962997,0.962974,0.965100,0.976903,0.971840,0.969318,0.959966,0.961297
0.958678,0.964517,0.965713,0.963198,0.965041,0.963887,0.972421,0.959865,0.969520,0.969147,0.967423,0.962277,0.962240,0.963650,0.975134,0.972475,0.967299,0.960515,0.961023
0.958144,0.963381,0.964928,0.961958,0.962480,0.963251,0.971269,0.960094,0.968565,0.967470,0.966481,0.962277,0.960877,0.962879,0.975506,0.970675,0.967972,0.958135,0.959587
0.959566,0.966327,0.966845,0.964984,0.965696,0.965058,0.971474,0.962038,0.969647,0.969706,0.969125,0.964057,0.964064,0.966324,0.977835,0.974698,0.966626,0.959844,0.961023
0.959922,0.966201,0.967020,0.965579,0.966351,0.966229,0.972256,0.961466,0.970156,0.970672,0.969216,0.964608,0.964274,0.966868,0.978626,0.973216,0.968914,0.961736,0.961980
0.958233,0.961908,0.964798,0.962206,0.962539,0.962113,0.970857,0.960437,0.968947,0.969096,0.967150,0.960963,0.961255,0.963876,0.976298,0.971946,0.967434,0.960210,0.960544
0.956456,0.962328,0.963491,0.960520,0.962122,0.960506,0.971310,0.957750,0.966592,0.966555,0.964506,0.959013,0.958969,0.961746,0.974435,0.970675,0.965281,0.958440,0.958903
0.957833,0.964770,0.965800,0.963892,0.964088,0.964054,0.970322,0.959979,0.966020,0.968588,0.966755,0.961980,0.962534,0.964193,0.975460,0.970675,0.963127,0.958013,0.962801
0.960588,0.967295,0.967935,0.967662,0.967721,0.967535,0.973491,0.962667,0.970092,0.970520,0.970067,0.964820,0.966475,0.967638,0.978487,0.975228,0.966492,0.961186,0.965536
0.959433,0.964938,0.965277,0.964438,0.964624,0.964522,0.973821,0.960894,0.970347,0.969910,0.967727,0.962192,0.964169,0.965780,0.978021,0.976498,0.969049,0.960271,0.964100
0.961966,0.963718,0.964580,0.965678,0.962361,0.963318,0.973286,0.963638,0.971556,0.970215,0.968335,0.961895,0.965762,0.965100,0.979278,0.975863,0.974028,0.959844,0.963758
0.966987,0.964601,0.967020,0.966025,0.965755,0.965259,0.973944,0.963867,0.970347,0.970316,0.968943,0.963676,0.967230,0.965825,0.978626,0.975334,0.972682,0.962529,0.965194
0.968853,0.968600,0.970636,0.970588,0.970043,0.970246,0.975179,0.966211,0.973783,0.973671,0.972103,0.969949,0.971801,0.969587,0.981280,0.979145,0.976719,0.964177,0.968613
0.968231,0.966916,0.969285,0.967612,0.967006,0.967903,0.975591,0.963982,0.972510,0.972807,0.970857,0.966982,0.969264,0.968318,0.982445,0.977239,0.975373,0.965702,0.966972
0.964187,0.962202,0.965146,0.962504,0.962242,0.962615,0.973368,0.962838,0.969965,0.970418,0.966512,0.961302,0.964127,0.964012,0.978859,0.975334,0.971471,0.963139,0.962117
0.961477,0.963002,0.964536,0.960569,0.963194,0.961410,0.971474,0.959694,0.966974,0.966453,0.964931,0.960709,0.960668,0.963786,0.975739,0.972052,0.968510,0.958989,0.961980
0.960899,0.963802,0.965756,0.963396,0.964922,0.963920,0.971227,0.960380,0.968820,0.968131,0.966724,0.963379,0.963142,0.964964,0.975460,0.973216,0.965819,0.959905,0.961980
0.961832,0.965106,0.966584,0.964884,0.965994,0.966229,0.972256,0.960551,0.969392,0.969147,0.968396,0.964142,0.964190,0.967140,0.976298,0.973216,0.966895,0.960027,0.961844
0.958589,0.962118,0.961879,0.959925,0.960157,0.961577,0.971145,0.957807,0.967165,0.967876,0.965448,0.957699,0.959556,0.963876,0.975460,0.971417,0.968376,0.957342,0.958493
0.956412,0.960308,0.960136,0.958288,0.958251,0.958699,0.969457,0.956206,0.964620,0.964369,0.962288,0.956131,0.955552,0.962063,0.972666,0.970781,0.967568,0.956121,0.955279
0.956811,0.961445,0.961574,0.958635,0.959323,0.960473,0.968470,0.956035,0.964620,0.965843,0.963959,0.957784,0.957229,0.962471,0.973318,0.970358,0.964069,0.956182,0.956100
0.957656,0.964475,0.964188,0.963099,0.962122,0.961510,0.969622,0.958893,0.965574,0.966606,0.965965,0.961048,0.962659,0.963922,0.974761,0.970464,0.965011,0.957830,0.959792
0.957256,0.962455,0.962053,0.961661,0.961110,0.960941,0.969540,0.957349,0.965765,0.966555,0.964263,0.958335,0.959011,0.963695,0.973830,0.969087,0.966492,0.956670,0.958356
0.956101,0.959929,0.959047,0.958089,0.958490,0.957293,0.967770,0.955806,0.964683,0.964217,0.961984,0.956089,0.956034,0.961474,0.972480,0.968241,0.967837,0.955328,0.955211
0.952679,0.958035,0.959265,0.956254,0.957239,0.957494,0.966329,0.954777,0.962965,0.961574,0.961619,0.955114,0.955594,0.960160,0.971269,0.966547,0.963935,0.955267,0.954800
0.954501,0.962286,0.963273,0.960421,0.962003,0.960673,0.967729,0.956949,0.965702,0.965081,0.964020,0.959522,0.959473,0.963242,0.972386,0.968876,0.963397,0.955328,0.956783
0.956101,0.961445,0.962794,0.962355,0.961467,0.960473,0.968511,0.957064,0.966847,0.965182,0.963534,0.958293,0.960353,0.964284,0.973877,0.971522,0.964608,0.956365,0.958083
0.955656,0.959719,0.960528,0.960173,0.960753,0.957962,0.968346,0.957178,0.964174,0.964268,0.962865,0.956555,0.957963,0.963604,0.974389,0.970040,0.966088,0.956609,0.956305
0.952501,0.958204,0.958480,0.957097,0.958609,0.956188,0.967605,0.954491,0.962965,0.962387,0.960859,0.955029,0.955070,0.960024,0.971548,0.968982,0.966223,0.955999,0.953911
0.954545,0.960477,0.960746,0.958387,0.959383,0.958464,0.966411,0.955977,0.963856,0.963505,0.961589,0.956936,0.958110,0.960749,0.971455,0.969511,0.962589,0.955145,0.955758
